0
0.008506
0.0018618
-0.0038544
0.012861
0.022463
0.040594
0.072851
0.060842
0.048359
0.01202
-0.010238
-0.0070279
0.0024086
-0.039627
-0.10356
-0.14808
-0.15217
-0.15011
-0.090388
-0.028274
0.010589
0.056509
0.098854
0.12634
0.16277
0.17344
0.17706
0.22767
0.24812
0.22788
0.20815
0.15573
0.08934
0.044118
-0.0019434
-0.035337
-0.055828
-0.061353
-0.078396
-0.10049
-0.093192
-0.05452
-0.048987
-0.070476
-0.090741
-0.086782
-0.067006
-0.073232
-0.080067
-0.111
-0.11959
-0.11297
-0.109
-0.091584
-0.099596
-0.095317
-0.077726
-0.062881
-0.069137
-0.097498
-0.13173
-0.20459
-0.28259
-0.36215
-0.42179
-0.44451
-0.42183
-0.41389
-0.39669
-0.36303
-0.33911
-0.28462
-0.26562
-0.27159
-0.2534
-0.18859
-0.15399
-0.12247
-0.052885
0.0017356
0.04521
0.11155
0.1467
0.12137
0.11721
0.10959
0.072391
0.029914
-0.034991
-0.068213
-0.08696
-0.10919
-0.12564
-0.086081
-0.0036178
0.098884
0.15528
0.19538
0.18661
0.13439
0.09049
0.046194
-0.0030484
-0.070083
-0.1241
-0.14056
-0.11898
-0.10896
-0.12281
-0.13529
-0.1358
-0.14121
-0.1697
-0.20005
-0.24714
-0.31464
-0.39689
-0.4891
-0.55147
-0.59313
-0.6595
-0.72492
-0.76804
-0.83336
-0.86511
-0.87621
-0.86444
-0.88824
-0.90312
-0.91306
-0.92254
-0.97756
-0.99686
-0.99621
-0.95713
-0.94753
-0.93834
-0.89587
-0.8255
-0.7661
-0.74797
-0.76424
-0.75707
-0.69502
-0.65747
-0.62394
-0.57537
-0.54156
-0.55476
-0.57463
-0.57772
-0.59307
-0.57439
-0.5681
-0.52376
-0.48751
-0.49521
-0.5201
-0.53296
-0.50627
-0.50398
-0.54974
-0.5762
-0.57726
-0.57317
-0.56294
-0.56401
-0.56868
-0.58714
-0.55788
-0.52862
-0.49918
-0.48321
-0.48593
-0.5135
-0.57108
-0.6502
-0.74436
-0.80861
-0.85273
-0.91447
-0.98172
-1.0425
-1.1171
-1.1725
-1.1888
-1.1491
-1.1181
-1.0682
-0.99628
-0.89694
-0.80817
-0.75776
-0.74857
-0.73651
-0.70517
-0.67588
-0.67515
-0.70987
-0.73539
-0.75992
-0.77804
-0.78723
-0.78307
-0.75995
-0.72219
-0.71844
-0.71375
-0.72078
-0.69952
-0.6894
-0.67653
-0.67168
-0.69865
-0.72001
-0.72467
-0.75573
-0.77804
-0.79705
-0.81086
-0.80568
-0.82566
-0.85472
-0.86482
-0.88192
-0.8885
-0.86548
-0.85487
-0.85127
-0.85527
-0.84145
-0.80065
-0.78091
-0.71987
-0.69919
-0.68542
-0.6771
-0.66668
-0.68793
-0.68638
-0.66373
-0.59246
-0.53069
-0.51182
-0.51094
-0.4873
-0.47715
-0.44165
-0.44054
-0.40794
-0.35988
-0.32673
-0.30615
-0.32193
-0.3992
-0.49726
-0.57308
-0.66464
-0.73123
-0.7194
-0.70661
-0.68947
-0.70563
-0.73932
-0.76544
-0.77941
-0.7916
-0.81138
-0.82349
-0.83395
-0.82854
-0.81622
-0.81432
-0.80064
-0.78757
-0.77462
-0.70475
-0.63573
-0.56266
-0.5291
-0.51361
-0.51254
-0.50026
-0.50462
-0.49696
-0.49495
-0.53459
-0.55373
-0.53087
-0.50068
-0.47902
-0.42769
-0.40377
-0.41174
-0.40689
-0.37657
-0.3432
-0.34652
-0.35619
-0.35043
-0.3444
-0.36664
-0.40923
-0.43355
-0.46106
-0.47969
-0.51411
-0.54026
-0.53549
-0.53366
-0.53742
-0.53689
-0.5154
-0.49668
-0.48054
-0.45005
-0.44131
-0.433
-0.44345
-0.44937
-0.47872
-0.47431
-0.46732
-0.4388
-0.40801
-0.40155
-0.42251
-0.4116
-0.37596
-0.31746
-0.27269
-0.22366
-0.18137
-0.16959
-0.18215
-0.16961
-0.15432
-0.20659
-0.27122
-0.29688
-0.32096
-0.35209
-0.36584
-0.36843
-0.39041
-0.36477
-0.36308
-0.41305
-0.46819
-0.47976
-0.48295
-0.48891
-0.49063
-0.49078
-0.47057
-0.48135
-0.44853
-0.41581
-0.40482
-0.39915
-0.37978
-0.33736
-0.25687
-0.21457
-0.19406
-0.15985
-0.10869
-0.08163
-0.061983
-0.026458
-0.043517
-0.087871
-0.10142
-0.11733
-0.10502
-0.10201
-0.086147
-0.078673
-0.085144
-0.1243
-0.16823
-0.20628
-0.25553
-0.27115
-0.27891
-0.23769
-0.18986
-0.1868
-0.2112
-0.2514
-0.29459
-0.30316
-0.30163
-0.31791
-0.29539
-0.27257
-0.24479
-0.20651
-0.15277
-0.13775
-0.12459
-0.13019
-0.13119
-0.13359
-0.13641
-0.11939
-0.10673
-0.076432
-0.025695
0.061501
0.12101
0.12233
0.1085
0.08338
0.05227
0.040632
0.076692
0.11584
0.10481
0.046543
0.018543
-0.00018291
-0.0030539
0.013788
0.025226
0.030941
0.027044
-0.0042533
-0.036149
-0.016868
0.029653
0.084749
0.05899
0.021091
-0.0016453
-0.039939
-0.079874
-0.11678
-0.16581
-0.14238
-0.14442
-0.11642
-0.087574
-0.070118
-0.094426
-0.14728
-0.16051
-0.18795
-0.2
-0.1974
-0.17265
-0.12656
-0.093356
-0.064249
-0.058023
-0.05028
-0.033625
-0.045675
-0.028009
-0.032744
-0.039504
-0.066704
-0.079516
-0.11192
-0.14245
-0.15467
-0.1277
-0.14473
-0.14378
-0.1442
-0.10407
-0.05513
-0.012878
0.022531
0.010252
-0.026387
-0.064682
-0.10081
-0.086084
-0.070369
-0.067405
-0.089365
-0.11021
-0.11484
-0.091278
-0.041281
-0.030467
-0.035513
-0.033787
-0.055356
-0.075951
-0.043742
0.0021778
0.016839
0.027799
0.049879
0.0084829
-0.043723
-0.057261
-0.081397
-0.064273
-0.059816
-0.063911
-0.086366
-0.156
-0.18593
-0.17631
-0.17041
-0.18836
-0.20316
-0.21814
-0.20238
-0.18362
-0.16587
-0.14909
-0.12595
-0.096751
-0.064667
-0.054308
-0.034686
-0.012623
0.0059838
-0.013474
-0.0074192
0.012703
0.0046407
-0.01862
-0.00086461
0.045802
0.075798
0.10343
0.13922
0.17277
0.18566
0.1803
0.16026
0.12179
0.10258
0.070279
0.034215
0.01183
0.014306
0.011657
0.032141
0.024451
-0.0034241
-0.063409
-0.10245
-0.14185
-0.18502
-0.22834
-0.22777
-0.257
-0.2965
-0.31825
-0.31502
-0.32269
-0.34686
-0.35324
-0.38707
-0.45148
-0.50742
-0.52917
-0.50253
-0.45081
-0.40718
-0.3744
-0.42226
-0.44897
-0.45627
-0.45663
-0.4658
-0.5042
-0.52033
-0.49276
-0.49313
-0.49011
-0.51906
-0.50467
-0.49704
-0.49361
-0.48036
-0.49939
-0.48987
-0.49015
-0.4605
-0.42118
-0.39643
-0.39292
-0.4384
-0.47883
-0.49703
-0.48185
-0.46694
-0.48311
-0.49399
-0.50645
-0.51207
-0.52187
-0.55024
-0.55671
-0.58639
-0.64837
-0.6756
-0.69318
-0.7111
-0.73803
-0.76302
-0.76069
-0.76084
-0.74254
-0.7143
-0.70033
-0.70614
-0.67403
-0.65089
-0.56823
-0.50663
-0.4615
-0.47067
-0.49886
-0.50364
-0.5337
-0.57418
-0.613
-0.61719
-0.6287
-0.6315
-0.61474
-0.59964
-0.58606
-0.55259
-0.54316
-0.5543
-0.57581
-0.60093
-0.60193
-0.6194
-0.60873
-0.57437
-0.55952
-0.58579
-0.59144
-0.57309
-0.53374
-0.4963
-0.51535
-0.54643
-0.59573
-0.60509
-0.58856
-0.57104
-0.5744
-0.58842
-0.60516
-0.58941
-0.58575
-0.56716
-0.51524
-0.50922
-0.53271
-0.52743
-0.50631
-0.46051
-0.37861
-0.32099
-0.29324
-0.26084
-0.22547
-0.22332
-0.21349
-0.22111
-0.23221
-0.22399
-0.18691
-0.11908
-0.066838
-0.045027
-0.052138
-0.10665
-0.1857
-0.24167
-0.26947
-0.28652
-0.30742
-0.36029
-0.39416
-0.42051
-0.45958
-0.49596
-0.5165
-0.53902
-0.5708
-0.59743
-0.60603
-0.59754
-0.60071
-0.61524
-0.59051
-0.55109
-0.514
-0.45808
-0.42011
-0.38312
-0.35205
-0.32749
-0.30993
-0.28918
-0.28903
-0.27898
-0.3216
-0.31858
-0.28259
-0.23454
-0.19851
-0.17224
-0.13767
-0.14948
-0.18586
-0.21313
-0.1963
-0.16414
-0.15033
-0.14718
-0.16457
-0.17696
-0.20234
-0.25287
-0.29691
-0.33341
-0.38732
-0.40848
-0.42664
-0.40978
-0.39459
-0.38605
-0.38516
-0.37112
-0.36981
-0.36799
-0.37431
-0.3805
-0.43057
-0.47639
-0.49062
-0.52736
-0.53176
-0.52455
-0.48852
-0.46828
-0.44813
-0.40594
-0.37047
-0.3502
-0.33068
-0.362
-0.3534
-0.33528
-0.34748
-0.37666
-0.39102
-0.40443
-0.41702
-0.45856
-0.51575
-0.55026
-0.54541
-0.55206
-0.56557
-0.55516
-0.57949
-0.63535
-0.69966
-0.73376
-0.74587
-0.74852
-0.77512
-0.75631
-0.75898
-0.74162
-0.69126
-0.65147
-0.59296
-0.49913
-0.42782
-0.39234
-0.35302
-0.33275
-0.34966
-0.34627
-0.33255
-0.32457
-0.35969
-0.40144
-0.42624
-0.42914
-0.37817
-0.31531
-0.29413
-0.27201
-0.26866
-0.26277
-0.23056
-0.19666
-0.15888
-0.15351
-0.17064
-0.19622
-0.20168
-0.17839
-0.168
-0.1879
-0.22409
-0.27633
-0.32561
-0.35927
-0.36457
-0.35231
-0.35316
-0.37842
-0.43262
-0.4867
-0.54108
-0.57659
-0.61074
-0.63238
-0.62599
-0.63129
-0.66359
-0.69418
-0.70135
-0.72624
-0.7283
-0.73023
-0.73265
-0.74657
-0.77618
-0.79635
-0.81178
-0.84381
-0.86097
-0.89402
-0.90878
-0.92353
-0.87997
-0.84146
-0.78162
-0.72065
-0.71036
-0.70171
-0.71367
-0.69789
-0.6828
-0.63657
-0.59313
-0.56801
-0.55136
-0.49762
-0.45077
-0.43346
-0.47734
-0.50337
-0.48906
-0.44564
-0.42188
-0.40018
-0.37746
-0.39016
-0.4162
-0.45486
-0.50863
-0.56098
-0.60265
-0.61759
-0.62622
-0.61086
-0.57264
-0.52368
-0.48776
-0.44702
-0.39469
-0.32394
-0.2883
-0.23122
-0.1866
-0.1573
-0.10791
-0.065163
-0.065299
-0.067437
-0.06794
-0.092567
-0.11365
-0.14994
-0.15248
-0.12408
-0.10633
-0.085972
-0.096451
-0.12908
-0.13412
-0.096599
-0.12288
-0.13794
-0.16733
-0.19053
-0.20603
-0.2362
-0.25922
-0.22995
-0.18046
-0.15043
-0.15228
-0.15436
-0.16176
-0.12577
-0.030076
0.048619
0.13611
0.15779
0.20703
0.24598
0.25932
0.25757
0.23497
0.23907
0.266
0.28209
0.27997
0.26334
0.26232
0.25772
0.29105
0.28958
0.2827
0.28254
0.29012
0.28886
0.31303
0.3348
0.33109
0.33221
0.32545
0.29545
0.26323
0.24203
0.22244
0.21241
0.21116
0.25966
0.28762
0.27855
0.24844
0.19389
0.16974
0.1421
0.13634
0.13043
0.10989
0.094043
0.093871
0.030483
-0.0363
-0.075949
-0.098581
-0.12384
-0.16809
-0.25067
-0.31046
-0.37003
-0.38397
-0.41102
-0.44782
-0.46855
-0.51469
-0.52792
-0.51562
-0.51407
-0.51385
-0.52508
-0.55396
-0.61624
-0.69954
-0.74865
-0.77514
-0.79759
-0.82253
-0.83607
-0.83953
-0.80733
-0.77799
-0.73212
-0.68314
-0.65778
-0.62953
-0.57543
-0.55058
-0.54712
-0.53533
-0.56586
-0.57406
-0.5935
-0.6008
-0.59316
-0.62241
-0.64922
-0.64286
-0.58964
-0.59186
-0.61673
-0.61919
-0.59422
-0.56596
-0.539
-0.51518
-0.49476
-0.46197
-0.40803
-0.3236
-0.23442
-0.19427
-0.15415
-0.15512
-0.19051
-0.21084
-0.21244
-0.18507
-0.16706
-0.16579
-0.16529
-0.18817
-0.25823
-0.34082
-0.41189
-0.44745
-0.45127
-0.40761
-0.35758
-0.31253
-0.26308
-0.19333
-0.14699
-0.13685
-0.14392
-0.16637
-0.16604
-0.16357
-0.13796
-0.12388
-0.11149
-0.14338
-0.18044
-0.24612
-0.29897
-0.35688
-0.40571
-0.44393
-0.48782
-0.53266
-0.54729
-0.53439
-0.49127
-0.45744
-0.42218
-0.38436
-0.359
-0.37088
-0.38135
-0.36809
-0.36388
-0.38386
-0.41425
-0.42692
-0.4196
-0.44748
-0.45955
-0.49987
-0.54562
-0.57799
-0.6014
-0.61041
-0.59512
-0.5644
-0.50502
-0.43639
-0.36103
-0.33443
-0.32475
-0.30844
-0.28512
-0.25003
-0.23756
-0.2428
-0.22982
-0.18709
-0.16734
-0.18124
-0.21563
-0.24114
-0.22233
-0.22946
-0.23706
-0.24165
-0.26731
-0.29453
-0.33269
-0.31429
-0.2986
-0.27587
-0.29916
-0.35582
-0.38622
-0.40501
-0.43363
-0.42464
-0.40011
-0.40108
-0.40111
-0.405
-0.4135
-0.42851
-0.39583
-0.35929
-0.36111
-0.39071
-0.40762
-0.40105
-0.40613
-0.42963
-0.42381
-0.43266
-0.46123
-0.46334
-0.47472
-0.50338
-0.54551
-0.56824
-0.56238
-0.51578
-0.4668
-0.45465
-0.45133
-0.43522
-0.44508
-0.44671
-0.47078
-0.46667
-0.47264
-0.46264
-0.41332
-0.36223
-0.30008
-0.25188
-0.21409
-0.19767
-0.17951
-0.12508
-0.11498
-0.16367
-0.18541
-0.20974
-0.2476
-0.30334
-0.37766
-0.42668
-0.43204
-0.423
-0.38721
-0.34779
-0.34765
-0.32875
-0.27674
-0.22811
-0.19044
-0.15955
-0.15602
-0.19971
-0.26838
-0.27887
-0.2831
-0.29742
-0.29562
-0.30023
-0.29951
-0.32878
-0.38768
-0.46475
-0.58012
-0.68107
-0.76185
-0.80919
-0.84897
-0.87377
-0.87031
-0.89707
-0.89458
-0.88297
-0.87166
-0.83005
-0.74882
-0.66013
-0.61673
-0.61864
-0.60685
-0.57886
-0.58344
-0.5949
-0.56112
-0.54402
-0.53267
-0.52826
-0.5288
-0.51784
-0.48281
-0.4685
-0.44483
-0.4198
-0.43688
-0.48723
-0.5654
-0.61178
-0.65159
-0.66632
-0.63698
-0.57512
-0.52883
-0.49153
-0.49094
-0.4791
-0.42157
-0.36025
-0.3346
-0.36652
-0.37752
-0.38289
-0.43305
-0.45984
-0.46325
-0.50596
-0.5124
-0.49432
-0.48297
-0.46695
-0.41746
-0.35428
-0.30312
-0.26507
-0.23828
-0.25245
-0.25093
-0.26479
-0.28625
-0.29352
-0.29212
-0.26403
-0.21391
-0.144
-0.098816
-0.12125
-0.15935
-0.21496
-0.19274
-0.18743
-0.17397
-0.14052
-0.12953
-0.16468
-0.22446
-0.2686
-0.32671
-0.37192
-0.41191
-0.4251
-0.38907
-0.3595
-0.33155
-0.31025
-0.25227
-0.18696
-0.084876
0.0077304
0.059415
0.076742
0.069468
0.046586
0.036064
0.011071
0.00057856
-0.0065884
0.0012836
0.029897
0.063528
0.14429
0.19616
0.18237
0.17972
0.16927
0.14769
0.10154
0.06559
0.05703
0.073311
0.060174
0.025268
0.021782
0.016215
-0.00037596
-0.022801
-0.050779
-0.066317
-0.061687
-0.083209
-0.074119
-0.06817
-0.064672
-0.080574
-0.12256
-0.13114
-0.165
-0.21248
-0.24447
-0.25336
-0.23033
-0.18474
-0.17101
-0.17204
-0.18127
-0.19796
-0.21646
-0.19817
-0.16471
-0.19003
-0.21052
-0.24826
-0.25946
-0.27917
-0.30352
-0.30376
-0.3131
-0.33868
-0.34745
-0.3391
-0.36264
-0.40081
-0.45008
-0.46455
-0.47993
-0.52096
-0.52378
-0.56157
-0.60271
-0.63376
-0.69503
-0.75404
-0.79435
-0.82392
-0.85038
-0.84044
-0.84409
-0.84299
-0.83529
-0.83563
-0.825
-0.78966
-0.81663
-0.865
-0.92265
-0.97017
-0.99934
-1.0148
-1.0367
-0.99921
-0.96209
-0.95792
-0.97548
-1.0182
-1.0387
-1.069
-1.1023
-1.0711
-1.096
-1.1249
-1.1429
-1.1986
-1.2354
-1.2575
-1.2889
-1.3424
-1.3614
-1.3809
-1.3745
-1.3593
-1.3528
-1.3355
-1.3261
-1.2658
-1.2194
-1.1864
-1.1617
-1.1745
-1.1843
-1.1692
-1.1504
-1.1285
-1.0878
-1.0302
-0.98734
-0.94152
-0.91926
-0.89744
-0.89448
-0.87397
-0.81941
-0.7778
-0.75311
-0.76175
-0.74526
-0.69746
-0.66883
-0.66952
-0.65475
-0.62374
-0.6215
-0.61757
-0.62588
-0.58596
-0.50673
-0.43033
-0.35145
-0.29462
-0.27641
-0.29217
-0.31301
-0.33193
-0.34456
-0.36371
-0.35742
-0.36794
-0.36805
-0.35788
-0.33479
-0.31257
-0.28243
-0.27326
-0.30241
-0.33559
-0.35821
-0.35552
-0.35655
-0.37878
-0.34854
-0.30422
-0.25401
-0.20057
-0.12813
-0.063135
-0.04809
-0.020447
-0.022882
-0.042258
-0.042225
-0.022569
0.0024927
0.019306
0.062273
0.081311
0.070015
0.078163
0.10652
0.12415
0.13991
0.12146
0.076964
0.022484
-0.018708
-0.021533
-0.017775
-0.0046123
-0.019179
-0.040006
-0.03352
-0.043523
-0.073215
-0.092241
-0.087012
-0.078681
-0.052452
-0.032366
-0.027291
0.009963
0.025225
-0.0014394
-0.079807
-0.11037
-0.091163
-0.093352
-0.085493
-0.072787
-0.060148
-0.079076
-0.082728
-0.045731
-0.013291
0.0066395
0.030073
0.038982
0.0091446
-0.036702
-0.082517
-0.15121
-0.22998
-0.25349
-0.26181
-0.2721
-0.2349
-0.18073
-0.14458
-0.13334
-0.16096
-0.1794
-0.18628
-0.17431
-0.16577
-0.15016
-0.13438
-0.10855
-0.11236
-0.13276
-0.15642
-0.17602
-0.18383
-0.1766
-0.18714
-0.15565
-0.084274
-0.073482
-0.063108
-0.021831
0.034095
0.070611
0.057046
0.05417
0.10922
0.14409
0.16754
0.19487
0.16899
0.11578
0.1014
0.12707
0.1491
0.17708
0.20048
0.20054
0.1852
0.14026
0.11221
0.12039
0.10414
0.12433
0.13601
0.11183
0.069261
0.075543
0.090296
0.063479
0.051363
0.053547
0.056881
0.067373
0.064323
0.068227
0.056291
0.066927
0.082396
0.13696
0.21611
0.26776
0.28862
0.29834
0.32476
0.35507
0.38235
0.38609
0.40259
0.39142
0.35527
0.33013
0.29323
0.24821
0.21394
0.2203
0.23462
0.27529
0.29367
0.26617
0.22676
0.19765
0.14883
0.11378
0.085998
0.055794
0.057994
0.092578
0.11234
0.17433
0.22997
0.28722
0.38531
0.43264
0.46467
0.45007
0.41993
0.39051
0.33335
0.30785
0.29839
0.28856
0.29107
0.27319
0.24696
0.22212
0.21864
0.17692
0.14119
0.11881
0.063744
0.0070703
-0.041899
-0.078758
-0.10602
-0.1469
-0.19107
-0.24133
-0.26937
-0.25381
-0.24141
-0.24741
-0.25484
-0.26259
-0.24001
-0.20964
-0.20906
-0.23021
-0.24032
-0.25666
-0.27592
-0.29356
-0.28591
-0.29752
-0.29916
-0.27773
-0.23476
-0.1978
-0.15186
-0.11405
-0.078458
-0.030883
0.031825
0.070969
0.1474
0.1946
0.21101
0.20943
0.18083
0.16577
0.16931
0.19646
0.25169
0.30131
0.35303
0.38795
0.35844
0.30525
0.28253
0.21476
0.16982
0.13598
0.15133
0.19771
0.23503
0.25537
0.27396
0.28755
0.26366
0.25002
0.2276
0.21847
0.22716
0.23067
0.22158
0.20042
0.17247
0.14614
0.12454
0.092296
0.05658
0.027431
0.0033659
-0.018616
-0.070396
-0.07596
-0.07329
-0.10676
-0.14237
-0.18134
-0.1774
-0.15946
-0.13858
-0.11296
-0.10128
-0.10235
-0.090945
-0.061218
-0.036575
-0.012767
-0.019771
-6.4172e-05
0.049676
0.1425
0.21709
0.23291
0.20615
0.19527
0.23895
0.27567
0.33154
0.40839
0.45912
0.48504
0.51445
0.52562
0.52403
0.52428
0.51465
0.51505
0.50538
0.50064
0.5175
0.50923
0.51956
0.51619
0.49516
0.47425
0.44187
0.44363
0.43339
0.39973
0.36643
0.33493
0.28232
0.24234
0.24414
0.29798
0.31458
0.34525
0.39371
0.4316
0.46178
0.49111
0.49797
0.53901
0.55851
0.57866
0.59775
0.59563
0.5985
0.5712
0.55673
0.55543
0.5412
0.51052
0.50979
0.51336
0.55262
0.59455
0.62553
0.62947
0.62839
0.66692
0.65413
0.65935
0.63179
0.56651
0.51783
0.49202
0.47851
0.39937
0.32635
0.29547
0.24142
0.22419
0.22934
0.19896
0.17382
0.15834
0.14454
0.16954
0.18642
0.15157
0.1559
0.15086
0.12851
0.094657
0.087634
0.084495
0.10624
0.13147
0.12472
0.11
0.10143
0.093618
0.040026
-0.029356
-0.10211
-0.17185
-0.20756
-0.21969
-0.21876
-0.21984
-0.22425
-0.2445
-0.26857
-0.28338
-0.31228
-0.38403
-0.42694
-0.4675
-0.47541
-0.50891
-0.51586
-0.5119
-0.57173
-0.62242
-0.63181
-0.64782
-0.64986
-0.64263
-0.60344
-0.54766
-0.52786
-0.53413
-0.52419
-0.50265
-0.50734
-0.57937
-0.66051
-0.69889
-0.69463
-0.63167
-0.61694
-0.58498
-0.55881
-0.5186
-0.53715
-0.56298
-0.59703
-0.62056
-0.65275
-0.68561
-0.71546
-0.72161
-0.73527
-0.7426
-0.77681
-0.83479
-0.88037
-0.854
-0.83923
-0.79303
-0.75245
-0.74336
-0.75473
-0.75157
-0.81228
-0.8318
-0.84674
-0.85666
-0.86103
-0.85773
-0.88462
-0.9242
-0.96056
-0.98542
-1.0015
-1.0181
-1.0354
-1.0585
-1.0495
-1.0216
-0.94689
-0.88935
-0.81299
-0.77216
-0.77775
-0.7802
-0.77311
-0.77704
-0.7881
-0.81553
-0.81617
-0.7863
-0.73214
-0.69457
-0.64212
-0.59294
-0.54519
-0.52758
-0.56911
-0.63709
-0.65056
-0.6725
-0.67256
-0.66571
-0.66645
-0.60956
-0.55219
-0.50503
-0.45542
-0.41411
-0.41534
-0.42452
-0.41835
-0.38005
-0.33178
-0.29685
-0.24589
-0.1781
-0.11949
-0.052383
-0.0072097
0.045019
0.09179
0.089264
0.045112
0.050245
0.072565
0.06018
0.027888
0.016209
0.021478
0.05392
0.076236
0.092717
0.10955
0.097549
0.065024
0.031945
-0.05305
-0.15703
-0.20556
-0.24529
-0.28491
-0.31122
-0.29635
-0.29823
-0.30979
-0.30465
-0.31031
-0.33697
-0.37316
-0.41196
-0.45708
-0.49294
-0.5114
-0.50398
-0.49977
-0.48709
-0.47684
-0.4374
-0.38695
-0.32728
-0.24108
-0.17795
-0.093188
-0.021074
0.020022
0.035919
0.05163
0.067284
0.091144
0.11379
0.15966
0.19325
0.18037
0.1643
0.14606
0.090936
0.049444
0.05259
0.086607
0.10576
0.13326
0.14394
0.11977
0.067993
0.018228
-0.034248
-0.041294
-0.042827
-0.0083604
0.0030988
-0.022546
-0.024033
-0.0074323
-0.0017328
-0.0037151
0.006394
0.02828
0.026177
0.018389
0.015786
0.018607
0.033139
0.030941
0.019844
-0.020468
-0.054212
-0.014768
0.0081291
0.034841
0.070416
0.10745
0.12078
0.15365
0.20357
0.25409
0.27099
0.24928
0.29256
0.34059
0.3939
0.40718
0.39305
0.38732
0.4118
0.4167
0.41261
0.38585
0.39383
0.396
0.41949
0.42735
0.40987
0.38354
0.35362
0.33384
0.33029
0.299
0.29156
0.28953
0.261
0.21368
0.22409
0.24141
0.26207
0.28197
0.32352
0.37964
0.43486
0.46265
0.43147
0.39194
0.39309
0.41616
0.43871
0.44542
0.41078
0.37205
0.34974
0.3661
0.37076
0.32015
0.24733
0.18231
0.16783
0.16063
0.1314
0.076931
0.057863
0.075459
0.096102
0.12062
0.12272
0.10956
0.075373
0.045942
0.015253
-0.0071444
-0.026501
-0.031523
-0.028847
-0.038087
-0.067294
-0.097515
-0.064023
-0.020297
0.0068812
0.020653
0.056002
0.069834
0.06471
0.070777
0.034649
-0.028089
-0.096166
-0.15451
-0.2015
-0.25424
-0.28868
-0.28769
-0.30282
-0.3683
-0.40456
-0.40489
-0.40993
-0.43795
-0.45067
-0.43052
-0.41537
-0.43637
-0.44983
-0.42635
-0.41435
-0.40811
-0.40887
-0.38937
-0.38354
-0.39479
-0.44675
-0.48974
-0.49942
-0.52252
-0.57205
-0.60923
-0.63044
-0.64845
-0.68135
-0.68118
-0.70339
-0.71465
-0.70982
-0.69608
-0.68774
-0.69863
-0.72062
-0.71169
-0.67971
-0.66879
-0.64603
-0.65458
-0.67214
-0.67466
-0.67569
-0.64416
-0.61749
-0.59481
-0.56646
-0.54434
-0.51078
-0.44963
-0.41052
-0.39946
-0.40259
-0.42111
-0.40227
-0.39202
-0.35371
-0.29023
-0.24228
-0.1814
-0.17711
-0.219
-0.25331
-0.26297
-0.25829
-0.24532
-0.1758
-0.12689
-0.088488
-0.043026
-0.00943
0.017175
0.03245
0.069456
0.11777
0.13442
0.1675
0.23829
0.30786
0.31833
0.29079
0.2471
0.23625
0.22331
0.22226
0.21234
0.18837
0.18119
0.16101
0.1463
0.14031
0.15943
0.17816
0.20436
0.20814
0.20063
0.18168
0.15982
0.1412
0.14231
0.12633
0.11171
0.094633
0.06643
0.035553
0.043619
0.039178
0.06011
0.070187
0.094356
0.10894
0.10394
0.083387
0.045653
0.064203
0.068987
0.063413
0.0684
0.062182
0.041079
0.026954
0.023701
0.045941
0.020022
-0.013549
-0.029722
-0.030635
-0.022993
-0.018774
0.0009074
0.025334
0.041293
0.020594
0.0073182
0.029357
0.045983
0.016107
-0.024879
-0.07893
-0.073009
-0.031056
-0.0038969
0.012344
0.028147
0.021554
0.032323
0.016993
-0.0061444
-0.033261
0.0033999
0.058929
0.13442
0.1332
0.16351
0.1776
0.16234
0.14448
0.1125
0.080518
0.044902
0.016209
0.0086149
0.0060277
-0.0021102
-0.017807
-0.010339
-0.035359
-0.06154
-0.096418
-0.10545
-0.11002
-0.11906
-0.15275
-0.19848
-0.26167
-0.3104
-0.34342
-0.36527
-0.38862
-0.36336
-0.32901
-0.30511
-0.29686
-0.28752
-0.2227
-0.15015
-0.13127
-0.16518
-0.234
-0.33776
-0.4084
-0.47155
-0.51813
-0.53155
-0.5234
-0.52244
-0.52458
-0.51768
-0.49322
-0.48473
-0.51596
-0.53197
-0.52632
-0.50427
-0.49074
-0.46878
-0.45258
-0.45031
-0.44416
-0.45366
-0.47696
-0.46273
-0.42486
-0.39075
-0.36621
-0.37194
-0.37016
-0.33022
-0.29455
-0.27151
-0.25954
-0.2795
-0.28422
-0.27804
-0.28383
-0.29604
-0.29102
-0.26383
-0.21658
-0.13961
-0.056085
-0.044698
-0.035061
-0.038794
-0.043183
-0.053689
-0.070649
-0.076235
-0.055493
-0.011091
0.049905
0.10588
0.1142
0.14859
0.19141
0.22525
0.24464
0.276
0.28183
0.25756
0.27645
0.29225
0.30988
0.36316
0.40323
0.41875
0.44294
0.4573
0.50521
0.51603
0.4999
0.48817
0.46683
0.42755
0.39979
0.37882
0.37704
0.38456
0.42104
0.45037
0.43652
0.4531
0.44426
0.4428
0.43762
0.42608
0.40252
0.36381
0.32193
0.30133
0.33318
0.31881
0.26395
0.19423
0.1653
0.16304
0.17758
0.21343
0.20816
0.15176
0.12092
0.089061
0.043845
0.022823
0.014654
0.02808
0.033386
0.051194
0.070309
0.098229
0.13831
0.12118
0.10426
0.10612
0.11278
0.12711
0.16305
0.22389
0.27061
0.29894
0.27443
0.25097
0.25075
0.25728
0.23553
0.19248
0.15924
0.1474
0.14234
0.14378
0.13546
0.16024
0.17682
0.1997
0.24583
0.29279
0.27164
0.22829
0.18815
0.17632
0.19971
0.2254
0.23647
0.23576
0.22791
0.197
0.14797
0.11529
0.1092
0.095199
0.1091
0.082776
0.079516
0.12514
0.15006
0.1558
0.12436
0.084404
0.091403
0.14184
0.16944
0.21627
0.20706
0.22718
0.22413
0.22271
0.23599
0.25938
0.26014
0.2574
0.27637
0.30564
0.32958
0.36872
0.38949
0.4119
0.41199
0.39734
0.38161
0.38845
0.38616
0.3739
0.35115
0.34994
0.35534
0.35168
0.3448
0.36854
0.41077
0.42178
0.42937
0.44315
0.46664
0.54044
0.6137
0.63422
0.65151
0.68089
0.72745
0.71628
0.69891
0.61525
0.5597
0.53445
0.51827
0.52073
0.50512
0.50459
0.48504
0.41123
0.32331
0.28659
0.28236
0.30443
0.31247
0.32609
0.28876
0.25589
0.26869
0.28809
0.25777
0.20364
0.20051
0.18123
0.19837
0.2129
0.23488
0.21749
0.18546
0.15943
0.12379
0.11187
0.084362
0.069332
0.042517
0.0080733
-0.034485
-0.076292
-0.11372
-0.17165
-0.20191
-0.2274
-0.24899
-0.25261
-0.2154
-0.16773
-0.18279
-0.23312
-0.27801
-0.28398
-0.29412
-0.29958
-0.30633
-0.35598
-0.36374
-0.37028
-0.37277
-0.38022
-0.39505
-0.39086
-0.40462
-0.45432
-0.45829
-0.42881
-0.36194
-0.3185
-0.26577
-0.2452
-0.21818
-0.18532
-0.14248
-0.11489
-0.12715
-0.14995
-0.1306
-0.083855
-0.059114
-0.069242
-0.080651
-0.10676
-0.12228
-0.058194
0.032339
0.095248
0.16477
0.18771
0.18656
0.18258
0.15838
0.15124
0.15752
0.12646
0.065401
0.021135
-0.029141
-0.11799
-0.14362
-0.17599
-0.22044
-0.22924
-0.22762
-0.25097
-0.24087
-0.19134
-0.16383
-0.13608
-0.10191
-0.047298
0.074953
0.18148
0.24554
0.26906
0.2691
0.25814
0.25806
0.25678
0.23598
0.21344
0.19249
0.18401
0.20085
0.20568
0.23632
0.24899
0.28355
0.30006
0.29074
0.2653
0.22885
0.1796
0.15114
0.14628
0.17577
0.23552
0.25633
0.26323
0.31291
0.34679
0.33681
0.36574
0.39865
0.46018
0.51893
0.56932
0.61114
0.64182
0.6558
0.65436
0.67844
0.67171
0.65731
0.69632
0.69273
0.66675
0.61402
0.62483
0.62881
0.61684
0.54756
0.4708
0.4534
0.45621
0.46075
0.4696
0.45726
0.44735
0.45183
0.45515
0.48181
0.52071
0.53214
0.5434
0.56286
0.5675
0.59655
0.61851
0.58326
0.57048
0.5349
0.50256
0.47344
0.42513
0.39689
0.39722
0.38415
0.37536
0.3724
0.38744
0.40647
0.40706
0.41543
0.41283
0.40997
0.41126
0.41243
0.36968
0.32815
0.28404
0.29182
0.29312
0.31309
0.34705
0.36792
0.34576
0.34301
0.35402
0.32829
0.26733
0.21252
0.18906
0.20837
0.22898
0.26521
0.28747
0.2865
0.31872
0.37591
0.43025
0.4372
0.42928
0.41358
0.3762
0.35428
0.36852
0.37635
0.34388
0.28056
0.26945
0.32448
0.35812
0.35815
0.29029
0.25117
0.27809
0.30113
0.32908
0.38364
0.3751
0.36193
0.3713
0.36916
0.38782
0.41359
0.40523
0.37243
0.30308
0.25474
0.24363
0.23505
0.24998
0.26911
0.25932
0.24467
0.21914
0.20663
0.18685
0.16726
0.10761
0.030741
-0.0059293
-0.042073
-0.088282
-0.12326
-0.14205
-0.16646
-0.18127
-0.19499
-0.20429
-0.20968
-0.2199
-0.27244
-0.33451
-0.33466
-0.32339
-0.28525
-0.2804
-0.24645
-0.2346
-0.27273
-0.31537
-0.357
-0.37156
-0.40981
-0.43316
-0.50168
-0.55426
-0.60554
-0.60071
-0.59829
-0.613
-0.62033
-0.60339
-0.55988
-0.47362
-0.40583
-0.37094
-0.35637
-0.32564
-0.31335
-0.32148
-0.32399
-0.32472
-0.33456
-0.34434
-0.31844
-0.30851
-0.30726
-0.28087
-0.2845
-0.29293
-0.29876
-0.30253
-0.30053
-0.30577
-0.33303
-0.36007
-0.34713
-0.28872
-0.25545
-0.22773
-0.23759
-0.24021
-0.22152
-0.20253
-0.22997
-0.20547
-0.13594
-0.13281
-0.12815
-0.11875
-0.10706
-0.098929
-0.10799
-0.10772
-0.10706
-0.11054
-0.10087
-0.070786
-0.05831
-0.063877
-0.091418
-0.11475
-0.12054
-0.11744
-0.12377
-0.11978
-0.12418
-0.16204
-0.20961
-0.26217
-0.28219
-0.27907
-0.26975
-0.26361
-0.26477
-0.28705
-0.30952
-0.3612
-0.3781
-0.43151
-0.46402
-0.45208
-0.47899
-0.50699
-0.5045
-0.50047
-0.50268
-0.44075
-0.38446
-0.30192
-0.23523
-0.24218
-0.29105
-0.31257
-0.29934
-0.29419
-0.25403
-0.19614
-0.1835
-0.14459
-0.073367
-0.01178
0.042353
0.099161
0.11436
0.13769
0.15521
0.16329
0.14234
0.085287
0.038447
-0.0087816
-0.036399
-0.021245
-0.0083922
0.0042448
0.0095769
-0.015304
-0.026329
-0.060043
-0.1188
-0.13895
-0.12972
-0.11628
-0.11618
-0.15169
-0.17338
-0.16409
-0.13186
-0.11014
-0.088806
-0.022664
0.028457
0.059876
0.075148
0.075287
0.06773
0.07623
0.061706
0.049965
0.078627
0.1016
0.088052
0.02367
-0.020069
-0.0724
-0.10212
-0.12747
-0.11928
-0.1105
-0.067629
-0.034679
-0.030982
-0.013954
0.012663
0.05498
0.072834
0.10603
0.15699
0.15476
0.18163
0.23803
0.29235
0.31874
0.36254
0.41362
0.3957
0.38962
0.38932
0.3859
0.42
0.48318
0.57298
0.62714
0.64611
0.64508
0.64633
0.64547
0.62407
0.58745
0.58783
0.607
0.62452
0.5977
0.56749
0.53115
0.49036
0.49194
0.51115
0.50282
0.46465
0.39949
0.35314
0.34433
0.32286
0.29155
0.27034
0.25306
0.21286
0.15543
0.10105
0.054272
0.030947
-0.052458
-0.10792
-0.14752
-0.16011
-0.16692
-0.17014
-0.1875
-0.18861
-0.22533
-0.27329
-0.31039
-0.3009
-0.26096
-0.22446
-0.20936
-0.20536
-0.19244
-0.16898
-0.16343
-0.19131
-0.21975
-0.22596
-0.22865
-0.22066
-0.24343
-0.2782
-0.32131
-0.34137
-0.30835
-0.30629
-0.30381
-0.3134
-0.35233
-0.36888
-0.37624
-0.33459
-0.30279
-0.28253
-0.29184
-0.32071
-0.35116
-0.36101
-0.33757
-0.27341
-0.22233
-0.1896
-0.18399
-0.14594
-0.064432
-0.035586
0.0070399
0.054803
0.078091
0.077758
0.056551
0.026725
0.029238
0.054209
0.094828
0.12029
0.14031
0.10496
0.11107
0.115
0.074483
0.082976
0.12113
0.19893
0.30143
0.36034
0.4082
0.40377
0.39437
0.35748
0.31346
0.22686
0.16688
0.12601
0.094852
0.090676
0.070081
0.0057901
-0.019339
-0.038564
-0.071276
-0.084824
-0.078933
-0.06523
-0.019975
-0.0055351
0.012858
0.052904
0.077608
0.086291
0.11523
0.13631
0.17089
0.17346
0.14347
0.11253
0.075393
0.069219
0.03282
0.010323
0.014191
0.036241
0.039154
0.042492
0.056713
0.067051
0.097048
0.1212
0.13713
0.14314
0.16683
0.18156
0.17462
0.18061
0.20034
0.16644
0.10402
0.077877
0.046725
-0.020736
-0.075259
-0.084338
-0.091974
-0.14073
-0.19229
-0.22883
-0.23385
-0.22423
-0.20583
-0.22361
-0.25991
-0.27866
-0.28809
-0.28945
-0.2709
-0.24715
-0.18487
-0.12589
-0.10135
-0.13542
-0.2311
-0.25339
-0.2192
-0.19228
-0.18905
-0.19655
-0.1912
-0.1756
-0.15664
-0.11101
-0.071617
-0.017037
0.01481
0.045376
0.073063
0.09548
0.045832
0.0019296
-0.015708
0.011796
0.029009
0.021506
0.035253
0.059884
0.079337
0.078622
0.10084
0.104
0.13266
0.18676
0.27946
0.3671
0.39999
0.42655
0.47215
0.50741
0.52333
0.5189
0.52756
0.56956
0.60907
0.66908
0.70334
0.69657
0.66004
0.62855
0.59661
0.56928
0.56288
0.56856
0.60082
0.61082
0.64257
0.64993
0.6667
0.65262
0.65533
0.65502
0.63073
0.58026
0.55111
0.53788
0.50224
0.48587
0.48914
0.48888
0.4614
0.40288
0.37479
0.33381
0.31902
0.32389
0.34306
0.37591
0.36012
0.31188
0.26898
0.2141
0.17372
0.14718
0.12071
0.064322
0.0040635
-0.035557
-0.044503
-0.052554
-0.027134
0.015718
0.070726
0.16795
0.22649
0.25833
0.30184
0.31477
0.28294
0.24999
0.22597
0.19694
0.16344
0.15046
0.13757
0.13987
0.12701
0.10842
0.089979
0.056248
0.070901
0.11407
0.10749
0.092113
0.096654
0.1267
0.13577
0.1693
0.23134
0.25546
0.26388
0.2822
0.30727
0.25017
0.20287
0.17069
0.15078
0.1314
0.11151
0.075552
0.040042
0.018351
0.03799
0.052896
0.016974
-0.028354
-0.087999
-0.094062
-0.11647
-0.18818
-0.26185
-0.29674
-0.32294
-0.36611
-0.45025
-0.53926
-0.62657
-0.67398
-0.68782
-0.6924
-0.70586
-0.73767
-0.74881
-0.73979
-0.74922
-0.76441
-0.75071
-0.76985
-0.78181
-0.79913
-0.81919
-0.83839
-0.8531
-0.86443
-0.89622
-0.89947
-0.91881
-0.94378
-0.96655
-0.98445
-1.0159
-1.0599
-1.1061
-1.1441
-1.2012
-1.2169
-1.195
-1.1624
-1.1325
-1.0974
-1.0506
-1.0196
-1.0069
-0.96738
-0.93798
-0.91314
-0.91305
-0.94304
-0.94578
-0.93282
-0.90013
-0.87678
-0.82526
-0.8071
-0.80857
-0.815
-0.84469
-0.92577
-1
-1.0818
-1.1674
-1.1819
-1.1848
-1.1628
-1.1438
-1.1605
-1.2042
-1.2155
-1.1966
-1.1846
-1.1426
-1.0496
-1.0199
-1.0104
-0.99406
-0.99232
-0.9867
-1.0169
-1.0066
-0.99104
-0.97411
-0.9615
-1.0092
-1.0434
-1.0778
-1.1048
-1.175
-1.2397
-1.2731
-1.266
-1.2558
-1.2643
-1.2119
-1.1094
-1.0111
-0.90373
-0.8459
-0.76921
-0.66543
-0.58752
-0.52909
-0.48094
-0.41016
-0.38945
-0.39429
-0.38928
-0.36258
-0.4203
-0.44863
-0.40408
-0.37151
-0.37011
-0.34781
-0.30365
-0.25728
-0.20281
-0.2144
-0.24759
-0.30272
-0.33358
-0.39825
-0.43203
-0.48814
-0.5586
-0.6608
-0.72451
-0.75495
-0.77628
-0.77874
-0.78938
-0.80685
-0.79546
-0.79842
-0.77318
-0.77397
-0.76415
-0.76459
-0.76728
-0.74291
-0.73771
-0.69242
-0.66263
-0.63765
-0.64449
-0.6319
-0.59437
-0.52173
-0.47274
-0.46502
-0.47794
-0.49614
-0.46662
-0.44172
-0.4143
-0.40525
-0.41557
-0.4343
-0.46844
-0.49723
-0.49178
-0.46615
-0.41311
-0.34807
-0.31174
-0.31393
-0.33399
-0.34867
-0.37069
-0.37442
-0.37783
-0.37209
-0.36364
-0.36962
-0.3894
-0.40316
-0.39682
-0.3697
-0.34963
-0.33845
-0.36175
-0.3584
-0.36912
-0.3558
-0.35812
-0.38095
-0.43605
-0.48996
-0.49434
-0.52587
-0.57138
-0.58273
-0.59893
-0.58973
-0.58574
-0.57342
-0.54089
-0.52941
-0.52202
-0.5213
-0.54342
-0.57748
-0.59599
-0.5572
-0.52532
-0.52904
-0.56144
-0.57221
-0.58122
-0.57988
-0.57853
-0.56823
-0.57703
-0.59989
-0.61246
-0.60507
-0.57148
-0.5427
-0.54536
-0.54589
-0.5702
-0.60254
-0.61835
-0.63016
-0.62981
-0.62494
-0.6328
-0.63004
-0.66364
-0.64153
-0.65829
-0.67236
-0.67073
-0.65644
-0.59015
-0.54784
-0.49765
-0.44657
-0.45362
-0.4561
-0.40484
-0.3917
-0.37615
-0.37667
-0.39803
-0.42475
-0.47481
-0.53049
-0.54228
-0.55296
-0.57291
-0.56936
-0.55294
-0.53564
-0.54131
-0.57509
-0.59993
-0.57547
-0.55093
-0.56113
-0.56656
-0.57285
-0.56694
-0.5794
-0.62452
-0.66912
-0.70539
-0.70649
-0.72434
-0.73679
-0.73711
-0.71788
-0.7139
-0.70688
-0.71671
-0.75029
-0.78395
-0.82324
-0.89127
-0.92459
-0.92332
-0.85808
-0.78252
-0.73342
-0.72046
-0.67868
-0.64799
-0.57703
-0.53159
-0.50621
-0.51537
-0.54046
-0.56069
-0.56776
-0.57408
-0.57256
-0.59665
-0.65888
-0.75729
-0.83252
-0.86299
-0.90111
-0.9007
-0.9081
-0.92082
-0.94212
-0.9682
-0.99861
-1.0003
-0.94341
-0.8784
-0.85821
-0.85322
-0.83686
-0.79033
-0.69415
-0.64111
-0.62093
-0.61055
-0.57915
-0.55541
-0.52675
-0.49989
-0.48041
-0.48329
-0.49346
-0.45767
-0.40529
-0.39586
-0.37907
-0.36089
-0.33353
-0.28121
-0.27342
-0.27805
-0.31894
-0.38797
-0.43915
-0.49517
-0.54307
-0.5922
-0.622
-0.65689
-0.67972
-0.65822
-0.64134
-0.61914
-0.60127
-0.58361
-0.59981
-0.58451
-0.54987
-0.53778
-0.53218
-0.54608
-0.53393
-0.48996
-0.48426
-0.52361
-0.58454
-0.67422
-0.74752
-0.80458
-0.82896
-0.83939
-0.85882
-0.87943
-0.89959
-0.92787
-0.95447
-0.9469
-0.91304
-0.88726
-0.84506
-0.8262
-0.79027
-0.7582
-0.75702
-0.78254
-0.78846
-0.797
-0.80255
-0.76903
-0.74338
-0.74037
-0.73568
-0.72835
-0.70871
-0.67451
-0.63359
-0.60169
-0.58749
-0.56804
-0.58949
-0.61682
-0.59791
-0.55614
-0.51133
-0.45973
-0.38982
-0.32325
-0.2672
-0.23221
-0.19564
-0.12823
-0.054113
0.028213
0.088293
0.11249
0.092018
0.084071
0.094088
0.10012
0.14145
0.21049
0.22428
0.25487
0.27197
0.25119
0.23057
0.24117
0.24368
0.2479
0.27464
0.31692
0.33857
0.35451
0.35543
0.3574
0.37356
0.39508
0.39524
0.38348
0.38959
0.40743
0.41838
0.39016
0.36757
0.36844
0.34811
0.32412
0.28318
0.26579
0.30505
0.33456
0.36149
0.4304
0.48825
0.52671
0.57649
0.68247
0.74171
0.81796
0.88942
0.90005
0.87417
0.88691
0.92904
0.97492
1.0489
1.1119
1.1458
1.1216
1.0905
1.0568
0.99404
0.88676
0.81429
0.78576
0.81004
0.85215
0.90233
0.88774
0.85015
0.85427
0.91847
0.9431
0.93014
0.90887
0.87571
0.8501
0.83924
0.84974
0.8773
0.85015
0.80565
0.82838
0.83394
0.86683
0.87775
0.86456
0.83676
0.81597
0.76303
0.75368
0.77947
0.80986
0.83308
0.85006
0.85051
0.80475
0.75664
0.73004
0.73531
0.71121
0.6815
0.67832
0.67591
0.6705
0.70232
0.71689
0.69231
0.63084
0.56231
0.50538
0.46845
0.49476
0.5159
0.52849
0.51438
0.48377
0.4643
0.46499
0.4821
0.52389
0.53997
0.54213
0.54791
0.51843
0.47545
0.49745
0.48916
0.51863
0.55832
0.59047
0.61889
0.63371
0.65405
0.71839
0.78743
0.85597
0.92183
0.98446
1.006
0.99879
0.97581
0.97904
0.98911
1.0361
1.0753
1.0966
1.1137
1.1258
1.1164
1.1349
1.1142
1.0738
1.0174
1.0089
0.99417
0.99159
0.9357
0.90863
0.86902
0.86059
0.8792
0.87098
0.83745
0.8024
0.80845
0.80471
0.78977
0.79468
0.74938
0.68679
0.64669
0.61693
0.56673
0.51132
0.51596
0.4865
0.46808
0.51282
0.54374
0.5359
0.55482
0.55885
0.56115
0.54323
0.5612
0.61436
0.64295
0.66385
0.64621
0.62733
0.62389
0.6218
0.62791
0.60083
0.58785
0.61942
0.64411
0.64037
0.63715
0.62958
0.62865
0.62506
0.56214
0.4976
0.44875
0.38126
0.36337
0.34739
0.33456
0.31669
0.30009
0.28816
0.31805
0.32521
0.34726
0.3728
0.35676
0.34996
0.32987
0.30801
0.29202
0.26455
0.24143
0.22814
0.25707
0.29996
0.34669
0.39726
0.44915
0.47445
0.47699
0.44813
0.42802
0.38325
0.3603
0.35111
0.33557
0.35837
0.39892
0.42689
0.44294
0.45071
0.4075
0.33451
0.27542
0.26109
0.25098
0.20076
0.15147
0.13771
0.12655
0.092198
0.092718
0.092664
0.12632
0.16757
0.16488
0.15395
0.17826
0.19634
0.23734
0.30039
0.32107
0.32613
0.30386
0.25328
0.24824
0.25056
0.24027
0.20273
0.17165
0.16449
0.15251
0.13785
0.15131
0.18653
0.20234
0.23354
0.24605
0.22358
0.1956
0.16552
0.15306
0.15794
0.18011
0.18404
0.1614
0.14958
0.11248
0.046642
-0.021449
-0.072889
-0.11882
-0.13115
-0.12277
-0.1008
-0.069002
-0.066917
-0.085648
-0.092683
-0.095016
-0.084585
-0.028171
0.025935
0.080532
0.12574
0.17033
0.15889
0.13733
0.12662
0.12936
0.13952
0.21811
0.27373
0.30757
0.35065
0.38409
0.39207
0.38874
0.37161
0.32519
0.2608
0.21626
0.17668
0.13198
0.082118
0.0543
0.034298
0.05769
0.07263
0.097582
0.12863
0.17629
0.20087
0.2551
0.28973
0.28071
0.28485
0.32829
0.35679
0.39438
0.40746
0.39903
0.34674
0.29991
0.26385
0.23724
0.22968
0.22115
0.21609
0.24359
0.28756
0.34439
0.33793
0.28127
0.26813
0.27228
0.27881
0.29926
0.28957
0.25806
0.2598
0.28397
0.3152
0.3252
0.33654
0.31735
0.2946
0.24093
0.1988
0.1724
0.13997
0.11605
0.11671
0.085832
0.07985
0.087118
0.10952
0.11831
0.086056
0.056302
0.019892
-0.040816
-0.10576
-0.20074
-0.27415
-0.33502
-0.3671
-0.425
-0.48642
-0.53269
-0.57464
-0.58852
-0.60056
-0.57222
-0.54505
-0.53333
-0.55826
-0.56161
-0.60684
-0.61308
-0.58923
-0.60289
-0.63327
-0.63178
-0.62563
-0.5847
-0.56069
-0.51866
-0.53162
-0.56812
-0.59776
-0.56751
-0.51884
-0.49942
-0.47092
-0.41821
-0.36499
-0.31991
-0.30841
-0.29607
-0.26053
-0.20725
-0.20004
-0.18835
-0.20532
-0.21241
-0.21896
-0.21176
-0.1864
-0.13274
-0.059947
-0.017619
-0.00043457
-0.019316
-0.048375
-0.049184
-0.033504
-0.031029
-0.011898
-0.014589
-0.043942
-0.07227
-0.068677
-0.027806
0.014666
0.033565
0.010681
-0.019196
-0.071077
-0.1252
-0.16506
-0.18545
-0.23032
-0.28588
-0.28627
-0.22334
-0.16387
-0.093004
-0.048645
-0.013397
0.0058402
-0.0023493
-0.028465
-0.025192
-0.024792
-0.040299
-0.019232
0.013381
0.028488
0.013802
0.024561
0.046644
0.011927
-0.032709
-0.070215
-0.12005
-0.13499
-0.15165
-0.18455
-0.22811
-0.24744
-0.21108
-0.17292
-0.12148
-0.10808
-0.090561
-0.11784
-0.16087
-0.15057
-0.10372
-0.058071
-0.034498
0.0032733
0.012991
-0.029219
-0.081862
-0.15154
-0.21159
-0.24532
-0.24348
-0.17925
-0.1159
-0.12886
-0.11872
-0.060732
-0.013602
0.024637
0.024955
-0.0092615
-0.03087
-0.043967
-0.095757
-0.17457
-0.25587
-0.29917
-0.33344
-0.3581
-0.33961
-0.29593
-0.2416
-0.19608
-0.13079
-0.093378
-0.087905
-0.078707
-0.062494
-0.044643
-0.078831
-0.0887
-0.089308
-0.097436
-0.091093
-0.099337
-0.11986
-0.11134
-0.10818
-0.078644
-0.066345
-0.081576
-0.098215
-0.11299
-0.1273
-0.13621
-0.13921
-0.13782
-0.13
-0.13626
-0.18285
-0.24457
-0.30478
-0.36218
-0.38121
-0.41451
-0.47636
-0.51407
-0.55604
-0.57229
-0.52469
-0.47932
-0.44427
-0.42735
-0.42081
-0.41941
-0.43062
-0.42119
-0.39591
-0.40823
-0.39865
-0.39605
-0.41303
-0.41157
-0.40063
-0.40529
-0.42469
-0.41937
-0.41756
-0.38134
-0.40009
-0.39495
-0.39919
-0.43332
-0.45708
-0.46457
-0.45573
-0.42625
-0.38236
-0.38723
-0.39094
-0.3984
-0.40836
-0.43022
-0.4222
-0.3522
-0.30374
-0.30205
-0.26333
-0.24124
-0.25139
-0.2882
-0.31512
-0.31527
-0.28182
-0.24989
-0.19804
-0.15051
-0.12322
-0.10076
-0.097743
-0.1119
-0.086727
-0.1031
-0.12139
-0.11546
-0.083843
-0.0066815
0.02354
0.034618
0.047798
0.055416
0.084653
0.11684
0.11581
0.12905
0.12591
0.1233
0.14759
0.16692
0.20646
0.25692
0.29457
0.31286
0.3299
0.31605
0.30061
0.28522
0.26981
0.26561
0.24092
0.22134
0.21498
0.25899
0.29023
0.31876
0.33015
0.35883
0.36923
0.37137
0.38015
0.36688
0.36762
0.36419
0.3579
0.35433
0.38956
0.38433
0.38446
0.40622
0.42766
0.46706
0.45759
0.45975
0.47408
0.51174
0.52342
0.53963
0.59261
0.59379
0.59033
0.57051
0.5438
0.50573
0.52156
0.53476
0.52397
0.49152
0.53766
0.60096
0.62932
0.64249
0.65493
0.6645
0.6584
0.65429
0.67464
0.70314
0.7439
0.81267
0.86323
0.89291
0.88825
0.89955
0.91781
0.92888
0.94944
0.96873
0.96555
0.94295
0.94225
0.93139
0.89114
0.86947
0.87891
0.87782
0.88483
0.92541
0.9029
0.87617
0.90856
0.91197
0.8855
0.82374
0.72676
0.66718
0.65245
0.59765
0.50469
0.41276
0.3508
0.29123
0.27769
0.26923
0.25894
0.28839
0.36057
0.4256
0.49724
0.53362
0.50478
0.481
0.46103
0.42486
0.39907
0.3845
0.37159
0.35691
0.3294
0.28883
0.31245
0.33851
0.36494
0.45349
0.56558
0.64529
0.71993
0.75083
0.80066
0.84191
0.9113
0.94274
0.99563
1.0597
1.1228
1.18
1.1706
1.1195
1.0324
0.95338
0.91577
0.93388
0.95808
0.97907
1.0014
1.0627
1.0938
1.1106
1.1162
1.1159
1.1137
1.1495
1.1651
1.1947
1.1628
1.0971
1.0793
1.1043
1.156
1.2003
1.2346
1.2165
1.1813
1.1368
1.1056
1.0686
1.0398
1.0211
0.9959
0.96071
0.93409
0.90553
0.86502
0.7877
0.72981
0.71782
0.74369
0.78522
0.78762
0.79921
0.74612
0.68811
0.65937
0.63667
0.58258
0.52586
0.50412
0.49758
0.47451
0.45634
0.43813
0.42279
0.42027
0.42029
0.42645
0.43707
0.40667
0.37398
0.31223
0.2281
0.16557
0.17192
0.20315
0.196
0.17216
0.12583
0.077107
0.053537
0.067502
0.059753
0.058261
0.065991
0.08301
0.11472
0.089276
0.072061
0.052806
0.042682
0.065258
0.092029
0.11119
0.16363
0.1929
0.18377
0.1875
0.1986
0.21058
0.21139
0.21295
0.23954
0.24979
0.25438
0.26814
0.26191
0.21888
0.18882
0.15858
0.1199
0.13663
0.15446
0.22568
0.31404
0.3649
0.39909
0.42256
0.44339
0.47337
0.53409
0.56927
0.57668
0.54022
0.5084
0.48331
0.47239
0.4885
0.47505
0.43308
0.43491
0.48239
0.47076
0.46324
0.47019
0.41541
0.37037
0.36114
0.35953
0.34502
0.30829
0.27754
0.26879
0.26759
0.2347
0.17413
0.10565
0.10928
0.1348
0.18702
0.23592
0.2666
0.25121
0.20521
0.15075
0.12549
0.088549
0.077882
0.085231
0.052365
0.055438
0.06128
0.051688
0.028896
0.04715
0.063085
0.083925
0.095717
0.10017
0.1046
0.10478
0.10594
0.1168
0.13489
0.19708
0.2455
0.31974
0.37436
0.43738
0.49597
0.52013
0.55369
0.59242
0.60783
0.63589
0.65271
0.65862
0.65147
0.67907
0.71365
0.76078
0.81576
0.83805
0.85292
0.88798
0.89081
0.89979
0.86059
0.82828
0.81629
0.75016
0.64866
0.55363
0.52878
0.53625
0.54077
0.52821
0.57076
0.61717
0.64492
0.66407
0.67017
0.65978
0.66102
0.72228
0.78219
0.79183
0.77145
0.74707
0.71162
0.67931
0.66048
0.64841
0.64294
0.66693
0.75752
0.82707
0.86488
0.88436
0.87513
0.85405
0.84614
0.81651
0.71515
0.66552
0.61647
0.56754
0.4866
0.42107
0.37649
0.35799
0.33824
0.3229
0.32643
0.29363
0.25918
0.23404
0.25424
0.28728
0.3415
0.36453
0.40684
0.41088
0.39758
0.41917
0.42843
0.41505
0.38794
0.38568
0.39594
0.41086
0.41784
0.42541
0.42616
0.43635
0.42895
0.39353
0.39109
0.37638
0.33893
0.34972
0.35242
0.34458
0.34914
0.34345
0.33948
0.34368
0.37482
0.37713
0.41078
0.43374
0.42672
0.44271
0.47846
0.51607
0.53488
0.53831
0.55506
0.57969
0.57265
0.55151
0.51806
0.49874
0.47525
0.44699
0.40459
0.31662
0.22988
0.17059
0.1424
0.1229
0.092401
0.095779
0.065844
0.049869
0.03473
0.040703
0.037494
0.065842
0.1165
0.11231
0.10249
0.098321
0.020274
-2.5328e-05
0.023466
0.065623
0.074891
0.063862
0.027361
0.017298
-0.013621
-0.074194
-0.097136
-0.098593
-0.081757
-0.07097
-0.076149
-0.099984
-0.081181
-0.071961
-0.054917
-0.030366
-0.046894
-0.047021
-0.031823
-0.025428
-0.015565
-0.036721
-0.094452
-0.15575
-0.19429
-0.23913
-0.31272
-0.37966
-0.41471
-0.4439
-0.48971
-0.53087
-0.54071
-0.52104
-0.4715
-0.48502
-0.51038
-0.5043
-0.55228
-0.60381
-0.57898
-0.53747
-0.51346
-0.51259
-0.52639
-0.5233
-0.52784
-0.48981
-0.45857
-0.42065
-0.39536
-0.37864
-0.36703
-0.34541
-0.34801
-0.35631
-0.34589
-0.34407
-0.36065
-0.3976
-0.40886
-0.40691
-0.41327
-0.41241
-0.39976
-0.40612
-0.44674
-0.4836
-0.49938
-0.50589
-0.52146
-0.54125
-0.55914
-0.5315
-0.51017
-0.4903
-0.49885
-0.55049
-0.59413
-0.60375
-0.63373
-0.6534
-0.64594
-0.61647
-0.56885
-0.54349
-0.52344
-0.49792
-0.47203
-0.42944
-0.33705
-0.25959
-0.19734
-0.17203
-0.16026
-0.1443
-0.12484
-0.10701
-0.1036
-0.094245
-0.085756
-0.043966
0.0025748
0.024467
0.047249
0.057637
0.037944
0.027007
0.060602
0.074443
0.049106
0.018668
-0.019137
-0.042477
-0.058665
-0.054246
-0.033133
-0.059425
-0.090433
-0.085889
-0.030409
0.02452
0.074149
0.088835
0.085174
0.10935
0.13433
0.12484
0.11227
0.11062
0.12152
0.10134
0.076803
0.034492
0.036831
0.051441
0.042386
0.022265
0.0068529
-0.011679
-0.030321
-0.065439
-0.069308
-0.055477
-0.056944
-0.068897
-0.077455
-0.056222
-0.013923
-0.006625
-0.022634
-0.038337
-0.040595
-0.00095422
-0.0062683
-0.019987
0.0079978
0.053759
0.096518
0.14086
0.15267
0.13429
0.11946
0.12485
0.14123
0.18901
0.21601
0.23157
0.24315
0.29317
0.29417
0.27248
0.26732
0.26583
0.23878
0.25563
0.30876
0.32423
0.29776
0.26282
0.22451
0.21272
0.18563
0.18402
0.19631
0.20593
0.1938
0.16062
0.15594
0.17025
0.15822
0.15248
0.12044
0.11476
0.10073
0.098322
0.075402
0.032014
-0.00067236
-0.016669
-0.037898
-0.020662
-0.015353
0.027718
0.062362
0.075764
0.11141
0.16028
0.18605
0.19104
0.19264
0.1746
0.10923
0.040985
-0.011951
-0.037023
-0.066214
-0.122
-0.17701
-0.21516
-0.20377
-0.20373
-0.23271
-0.26674
-0.31639
-0.34297
-0.35925
-0.38166
-0.38209
-0.3776
-0.39976
-0.41295
-0.39229
-0.41026
-0.45494
-0.49553
-0.52925
-0.5739
-0.60748
-0.61406
-0.62641
-0.62674
-0.58415
-0.51739
-0.42395
-0.34378
-0.30613
-0.2408
-0.18832
-0.15629
-0.17904
-0.21378
-0.28288
-0.32342
-0.32262
-0.32607
-0.3493
-0.36983
-0.38498
-0.38643
-0.41875
-0.44776
-0.45252
-0.41015
-0.38498
-0.41894
-0.43158
-0.45582
-0.51356
-0.55165
-0.57095
-0.54003
-0.48856
-0.4443
-0.40682
-0.40531
-0.42775
-0.4325
-0.41019
-0.37923
-0.34648
-0.30888
-0.258
-0.2076
-0.18556
-0.14758
-0.10531
-0.059404
-0.097822
-0.13533
-0.17676
-0.20306
-0.28774
-0.33395
-0.40986
-0.4711
-0.47993
-0.49766
-0.49828
-0.51161
-0.51649
-0.53337
-0.50202
-0.50828
-0.5074
-0.5141
-0.52986
-0.55453
-0.62038
-0.66027
-0.69604
-0.75876
-0.78348
-0.78799
-0.75728
-0.70118
-0.64459
-0.57793
-0.53313
-0.45727
-0.40927
-0.4113
-0.40083
-0.38341
-0.3576
-0.3381
-0.34205
-0.33805
-0.3451
-0.35637
-0.38077
-0.39088
-0.41811
-0.4403
-0.46575
-0.45235
-0.43317
-0.43468
-0.46459
-0.47307
-0.46551
-0.44865
-0.45882
-0.4593
-0.44784
-0.4183
-0.36677
-0.32874
-0.28273
-0.25639
-0.21348
-0.18509
-0.18652
-0.17635
-0.16853
-0.17421
-0.19879
-0.1948
-0.16743
-0.14308
-0.097589
-0.061097
-0.025306
-0.018768
-0.0084713
0.016018
0.032722
0.078231
0.11622
0.13838
0.10969
0.068512
0.072102
0.05211
0.053759
0.014989
-0.031045
-0.042318
-0.072659
-0.10324
-0.16503
-0.20039
-0.15852
-0.078748
-0.0020847
0.0044059
-0.017622
-0.020459
-0.0053591
0.013206
0.010683
0.041946
0.074996
0.081245
0.085185
0.046454
0.011775
0.0040079
-0.0049041
0.0025532
0.057234
0.092448
0.10958
0.12054
0.079484
0.02816
-0.028545
-0.1102
-0.16066
-0.18504
-0.178
-0.18219
-0.18853
-0.18733
-0.18331
-0.15204
-0.11989
-0.075301
-0.016393
0.0073669
0.0048076
-0.010025
-0.0015426
0.017551
0.042825
0.047141
0.027636
0.02892
0.034611
0.077893
0.13588
0.15802
0.15434
0.1669
0.22032
0.28535
0.32619
0.35876
0.35513
0.3288
0.3241
0.33341
0.3432
0.37669
0.40368
0.4342
0.44495
0.44081
0.36427
0.31474
0.2769
0.24827
0.2181
0.18512
0.18465
0.16904
0.13443
0.092758
0.070675
0.046676
0.054461
0.069128
0.038057
0.050581
0.089481
0.13271
0.17025
0.18994
0.24383
0.30507
0.3825
0.41813
0.40946
0.39867
0.36086
0.29199
0.27317
0.26454
0.25992
0.21236
0.16895
0.1521
0.14492
0.125
0.1336
0.16528
0.15781
0.1403
0.13745
0.08844
0.048201
0.015266
-0.0073094
-0.051634
-0.089451
-0.099863
-0.13857
-0.18339
-0.18897
-0.15961
-0.11859
-0.11435
-0.097362
-0.092332
-0.11388
-0.12038
-0.10598
-0.11608
-0.11117
-0.12237
-0.11027
-0.084499
-0.076292
-0.11965
-0.16638
-0.18689
-0.19031
-0.17607
-0.20107
-0.23162
-0.29512
-0.32619
-0.29903
-0.28869
-0.28295
-0.27138
-0.2692
-0.27153
-0.24879
-0.20575
-0.17395
-0.17487
-0.19704
-0.18189
-0.20797
-0.25312
-0.31012
-0.36367
-0.38958
-0.42286
-0.41099
-0.35936
-0.32514
-0.32414
-0.35689
-0.36747
-0.36402
-0.3324
-0.30069
-0.29539
-0.27623
-0.26837
-0.2839
-0.30095
-0.28307
-0.24794
-0.21279
-0.1979
-0.18754
-0.17029
-0.1445
-0.16836
-0.2058
-0.21992
-0.18459
-0.16734
-0.17184
-0.18725
-0.17361
-0.14074
-0.10698
-0.11338
-0.1688
-0.18547
-0.21728
-0.23314
-0.23724
-0.22871
-0.22112
-0.21729
-0.21103
-0.19026
-0.15848
-0.096346
-0.076373
-0.084091
-0.1301
-0.13577
-0.10444
-0.092972
-0.0905
-0.076115
-0.071535
-0.12337
-0.16408
-0.18926
-0.21993
-0.20017
-0.1813
-0.17547
-0.21208
-0.26384
-0.31455
-0.36056
-0.38104
-0.38787
-0.35877
-0.33608
-0.35519
-0.37421
-0.3724
-0.37766
-0.36193
-0.30758
-0.23754
-0.17393
-0.14487
-0.13611
-0.1509
-0.19885
-0.23193
-0.24303
-0.26974
-0.2814
-0.29276
-0.3113
-0.32383
-0.34229
-0.3726
-0.35681
-0.32349
-0.28411
-0.22598
-0.18972
-0.199
-0.23115
-0.27288
-0.29626
-0.33368
-0.34498
-0.31114
-0.25266
-0.18083
-0.12196
-0.11646
-0.107
-0.084549
-0.07694
-0.053641
-0.024026
0.0091461
0.042923
0.099419
0.18439
0.22798
0.28333
0.29109
0.28759
0.29403
0.29576
0.28134
0.22981
0.17652
0.15633
0.15965
0.17736
0.16938
0.12664
0.10188
0.11832
0.14544
0.17598
0.19758
0.19497
0.18119
0.15212
0.12945
0.10975
0.11479
0.10026
0.080185
0.055956
0.039632
0.036018
0.053839
0.079919
0.068503
0.056022
0.044126
0.048373
0.061241
0.061749
0.096264
0.096105
0.089746
0.12547
0.1388
0.12939
0.15447
0.15395
0.16985
0.18425
0.20949
0.22473
0.23577
0.23875
0.23069
0.22109
0.20581
0.20166
0.21339
0.19341
0.18199
0.14842
0.099871
0.056824
0.015813
-0.0082788
0.015847
0.071427
0.10047
0.12044
0.15954
0.15164
0.14079
0.11488
0.11697
0.15434
0.18534
0.17892
0.16117
0.13549
0.094582
0.079674
0.034216
-0.0021525
-0.043149
-0.042829
-0.0333
-0.026542
-0.017203
-0.043822
-0.072593
-0.086019
-0.062278
-0.062709
-0.01503
0.069122
0.13129
0.21798
0.25621
0.25928
0.29142
0.31469
0.32145
0.32126
0.32545
0.32766
0.32015
0.25955
0.19728
0.15564
0.14686
0.14892
0.12336
0.10273
0.10597
0.15883
0.25721
0.30497
0.33705
0.36799
0.35684
0.35027
0.31912
0.29693
0.27888
0.31834
0.33122
0.31739
0.27581
0.25086
0.21354
0.16334
0.090464
-0.0061954
-0.079972
-0.14416
-0.14736
-0.19006
-0.16177
-0.12731
-0.061684
0.0057269
0.029523
0.030186
0.044146
0.065906
0.072266
0.097929
0.11244
0.10062
0.059496
0.046921
0.059802
0.067531
0.056594
0.056591
0.073415
0.057136
0.023962
0.000929
-0.0049076
-0.0024525
0.019395
0.023579
0.019225
0.035308
0.053992
0.055666
0.042341
0.0011177
-0.064372
-0.092604
-0.095119
-0.05684
0.0040075
0.068577
0.099494
0.10366
0.13297
0.19563
0.21993
0.20795
0.1575
0.09358
0.073705
0.021036
-0.021854
-0.038252
-0.048884
-0.046503
-0.039494
-0.021964
-0.0037068
-0.024387
-0.031217
-0.034053
-0.019669
-0.011416
0.00079862
0.012341
0.03663
0.083278
0.1157
0.10622
0.084752
0.097271
0.14306
0.1454
0.12767
0.11725
0.099239
0.070322
0.059046
0.11458
0.1628
0.21176
0.27255
0.33344
0.40997
0.4669
0.46814
0.43094
0.40084
0.40659
0.43902
0.45612
0.45911
0.49117
0.51605
0.51387
0.51295
0.48554
0.46689
0.43782
0.41649
0.40545
0.36342
0.31779
0.33036
0.3245
0.2776
0.24512
0.23417
0.26394
0.28871
0.28339
0.26688
0.25422
0.22656
0.18155
0.14903
0.12544
0.15627
0.17601
0.17354
0.16966
0.19908
0.21124
0.22427
0.25012
0.26188
0.29983
0.36749
0.43346
0.45638
0.43726
0.38704
0.354
0.36602
0.39468
0.39216
0.4021
0.42291
0.45232
0.44063
0.40393
0.37683
0.33554
0.28231
0.2404
0.21335
0.23715
0.27972
0.33419
0.38709
0.42114
0.41395
0.38436
0.31299
0.28905
0.26358
0.28658
0.32544
0.37404
0.46585
0.59166
0.67966
0.71491
0.74104
0.75461
0.80793
0.8391
0.88589
0.90097
0.89409
0.89811
0.91282
0.90773
0.8792
0.83326
0.83045
0.83791
0.86531
0.87017
0.86325
0.86325
0.83107
0.82138
0.79144
0.7839
0.78961
0.79151
0.78722
0.75923
0.72157
0.72187
0.74558
0.74747
0.7416
0.74685
0.76358
0.71533
0.69725
0.69696
0.68114
0.68974
0.71066
0.71481
0.68941
0.62849
0.63789
0.64465
0.63853
0.62273
0.58992
0.56388
0.53709
0.54342
0.55601
0.56197
0.58992
0.65168
0.71434
0.78708
0.88537
0.96644
1.0239
1.0444
1.0417
1.0085
0.98837
0.91242
0.84365
0.78756
0.77629
0.78205
0.7417
0.73559
0.73566
0.70453
0.7171
0.74223
0.76097
0.75183
0.65363
0.58492
0.54365
0.51359
0.49913
0.4464
0.37972
0.32935
0.32354
0.29145
0.24179
0.22599
0.21895
0.21538
0.17936
0.14763
0.11942
0.12609
0.12828
0.15092
0.14938
0.1718
0.19636
0.2001
0.20768
0.19296
0.23621
0.27985
0.29708
0.27738
0.25767
0.24088
0.21052
0.15235
0.096833
0.080334
0.07444
0.059684
0.074994
0.14848
0.20749
0.23689
0.20937
0.18646
0.12465
0.091915
0.083927
0.045593
-0.0064124
-0.032168
-0.059168
-0.059899
-0.028452
0.018337
0.059689
0.069389
0.052121
0.05938
0.085594
0.077009
0.089465
0.12251
0.15754
0.23942
0.33295
0.40521
0.44185
0.44612
0.43308
0.43851
0.42587
0.39499
0.38786
0.39879
0.38561
0.32747
0.26838
0.23397
0.23653
0.20472
0.17031
0.1239
0.073583
0.021412
-0.044776
-0.14524
-0.20681
-0.21844
-0.24129
-0.24948
-0.2143
-0.18354
-0.1764
-0.17526
-0.19543
-0.2021
-0.195
-0.18603
-0.18566
-0.18223
-0.20424
-0.22374
-0.25247
-0.32153
-0.3683
-0.42458
-0.45296
-0.44803
-0.46921
-0.50748
-0.51368
-0.50468
-0.50977
-0.54009
-0.56334
-0.58266
-0.58914
-0.62798
-0.68827
-0.68866
-0.63226
-0.58225
-0.55828
-0.53436
-0.50675
-0.46707
-0.4435
-0.41099
-0.37136
-0.30727
-0.26693
-0.24549
-0.21932
-0.17895
-0.13628
-0.11821
-0.10514
-0.093125
-0.079241
-0.11505
-0.14783
-0.14105
-0.14777
-0.13438
-0.14651
-0.11501
-0.059152
-0.045478
-0.023255
0.033897
0.073697
0.12465
0.14377
0.16763
0.1683
0.13002
0.11849
0.13172
0.17708
0.23781
0.26195
0.28829
0.28239
0.26728
0.23807
0.20098
0.14433
0.17413
0.18909
0.17275
0.094692
0.039375
0.014596
-0.029051
-0.044543
-0.060346
-0.089054
-0.11819
-0.16353
-0.18722
-0.22136
-0.26947
-0.31799
-0.35934
-0.38444
-0.3978
-0.37979
-0.36035
-0.32432
-0.30148
-0.24062
-0.18079
-0.1711
-0.20675
-0.24156
-0.2192
-0.17131
-0.10724
-0.062389
-0.053261
-0.019914
0.01192
0.0063667
0.013274
0.035001
0.059897
0.074369
0.10064
0.10386
0.070443
0.027069
-0.02441
-0.070792
-0.1003
-0.13006
-0.14318
-0.15849
-0.16463
-0.18624
-0.17733
-0.17913
-0.20799
-0.26649
-0.27852
-0.25975
-0.25406
-0.23899
-0.23379
-0.22868
-0.21192
-0.19441
-0.17733
-0.16964
-0.16513
-0.15253
-0.11917
-0.092456
-0.050567
-0.030324
-0.037754
-0.062627
-0.085084
-0.12408
-0.14428
-0.14586
-0.1514
-0.14212
-0.11387
-0.081172
-0.067772
-0.04685
-0.038337
-0.016321
0.0088434
0.026667
0.066821
0.0848
0.13994
0.19661
0.23857
0.26932
0.30933
0.35222
0.35158
0.3702
0.38856
0.41626
0.44351
0.48224
0.54809
0.5474
0.5094
0.51436
0.50829
0.50532
0.51915
0.52398
0.54246
0.59303
0.67467
0.74079
0.75396
0.73235
0.71786
0.7313
0.76072
0.76294
0.73025
0.69953
0.6876
0.73095
0.75671
0.73162
0.68707
0.64976
0.64982
0.64182
0.6499
0.6416
0.6147
0.6105
0.5682
0.55913
0.56185
0.52213
0.46707
0.41366
0.36506
0.31306
0.26698
0.25424
0.23442
0.17151
0.17145
0.18516
0.19473
0.2483
0.25237
0.25742
0.29457
0.30454
0.30015
0.25622
0.19174
0.12754
0.069552
0.026553
-0.0014868
-0.0020293
-0.007764
-0.0064107
-0.015328
0.012591
0.023422
0.053319
0.06789
0.062167
0.031906
0.02937
0.01905
-0.015602
-0.024613
-0.0079043
0.0092529
-0.055202
-0.12639
-0.19155
-0.2397
-0.31796
-0.37298
-0.4101
-0.45486
-0.49087
-0.51186
-0.53945
-0.58618
-0.57305
-0.55135
-0.49768
-0.40631
-0.32357
-0.27391
-0.23205
-0.19317
-0.15548
-0.12224
-0.092843
-0.069438
-0.037554
-0.00064444
0.020877
0.06447
0.083876
0.086556
0.069671
0.077508
0.10099
0.099397
0.10364
0.094378
0.10026
0.09803
0.081466
0.066602
0.028292
0.010004
-0.022376
-0.038551
-0.064773
-0.074581
-0.042425
-0.021214
0.014685
0.036094
0.06653
0.11561
0.13246
0.17307
0.22392
0.29553
0.33082
0.34929
0.39957
0.46329
0.4972
0.508
0.49861
0.52866
0.52452
0.51245
0.46942
0.42232
0.37459
0.34178
0.34184
0.33285
0.35141
0.37841
0.39392
0.43539
0.4247
0.38643
0.33574
0.27659
0.23088
0.2047
0.16518
0.12816
0.11937
0.12971
0.13778
0.12891
0.11633
0.12107
0.11257
0.094838
0.067516
0.015498
-0.039893
-0.082638
-0.14224
-0.20067
-0.23086
-0.26788
-0.27663
-0.31622
-0.3979
-0.44778
-0.50145
-0.5757
-0.62616
-0.63864
-0.64378
-0.61816
-0.64032
-0.67928
-0.72244
-0.77319
-0.83264
-0.82714
-0.77453
-0.72006
-0.73138
-0.74759
-0.77239
-0.76822
-0.74726
-0.68239
-0.59527
-0.5267
-0.49203
-0.4761
-0.42801
-0.33892
-0.26346
-0.19017
-0.16073
-0.17312
-0.23237
-0.24381
-0.25645
-0.31108
-0.30987
-0.28031
-0.25591
-0.27458
-0.31681
-0.32867
-0.31454
-0.26896
-0.24592
-0.22442
-0.22581
-0.24637
-0.23448
-0.23439
-0.23815
-0.25284
-0.28693
-0.28232
-0.24919
-0.23069
-0.23259
-0.24491
-0.28205
-0.28814
-0.2564
-0.20305
-0.19489
-0.19441
-0.19688
-0.21557
-0.24189
-0.25236
-0.24363
-0.199
-0.18356
-0.17465
-0.17766
-0.14759
-0.14074
-0.14643
-0.14699
-0.14052
-0.10758
-0.091342
-0.086673
-0.14253
-0.22638
-0.26699
-0.29256
-0.32522
-0.31377
-0.30679
-0.28634
-0.28162
-0.25159
-0.20266
-0.1665
-0.13849
-0.12606
-0.13631
-0.18285
-0.24893
-0.27909
-0.3204
-0.34393
-0.35119
-0.36328
-0.34065
-0.35396
-0.37353
-0.39078
-0.4286
-0.49265
-0.56066
-0.62291
-0.69166
-0.6857
-0.62795
-0.60566
-0.61511
-0.60761
-0.57289
-0.52797
-0.50011
-0.50993
-0.50704
-0.50902
-0.52419
-0.54906
-0.5353
-0.52469
-0.53104
-0.5381
-0.48299
-0.41981
-0.38764
-0.35305
-0.29055
-0.2543
-0.24789
-0.26329
-0.30122
-0.35256
-0.43401
-0.48924
-0.53923
-0.58509
-0.59455
-0.63071
-0.66621
-0.6601
-0.62049
-0.56902
-0.51738
-0.46577
-0.43111
-0.386
-0.37934
-0.41895
-0.4313
-0.4422
-0.43645
-0.41403
-0.38712
-0.38066
-0.32842
-0.27197
-0.19537
-0.17198
-0.16132
-0.13464
-0.088288
-0.058275
-0.049723
-0.053604
-0.066922
-0.081691
-0.099216
-0.092824
-0.077699
-0.040376
0.0066321
0.048187
0.065437
0.077068
0.081879
0.12424
0.17516
0.24346
0.2891
0.32182
0.33339
0.35443
0.39621
0.40114
0.38866
0.39949
0.38432
0.39621
0.45304
0.48686
0.50073
0.47653
0.45347
0.4325
0.43319
0.45362
0.44457
0.46148
0.53259
0.61925
0.6799
0.74644
0.83778
0.8954
0.94945
1.0083
1.0464
1.0685
1.0763
1.0708
1.0323
0.97893
0.95461
0.9613
0.97628
0.97176
0.91854
0.86594
0.81952
0.78158
0.77568
0.75217
0.71527
0.65759
0.61269
0.62004
0.63642
0.62634
0.63169
0.63904
0.62949
0.61816
0.56054
0.50619
0.46863
0.43539
0.40293
0.38038
0.37018
0.3844
0.37923
0.36176
0.38307
0.41851
0.44693
0.45671
0.43998
0.43516
0.43817
0.44844
0.44997
0.43893
0.43106
0.42942
0.47766
0.48316
0.48256
0.46289
0.45668
0.48137
0.50293
0.51294
0.51976
0.5364
0.52818
0.49649
0.52081
0.54758
0.5137
0.50034
0.49322
0.50679
0.53956
0.58941
0.63159
0.71672
0.78315
0.75868
0.71576
0.66553
0.62489
0.59389
0.57804
0.51049
0.48819
0.47297
0.43239
0.40894
0.37221
0.36107
0.33678
0.31959
0.30523
0.30178
0.32973
0.40104
0.43812
0.45186
0.40971
0.38556
0.34442
0.32663
0.32798
0.32477
0.34976
0.37635
0.38684
0.42383
0.40281
0.37957
0.34577
0.30741
0.2837
0.27855
0.26321
0.2804
0.32566
0.36779
0.40449
0.41844
0.44038
0.49021
0.50451
0.50977
0.54704
0.57556
0.63597
0.69686
0.74957
0.74542
0.76188
0.74698
0.79331
0.82799
0.8519
0.87119
0.92898
0.94101
0.94349
0.98015
1.0339
1.0946
1.1539
1.2321
1.2722
1.2756
1.3137
1.2829
1.2843
1.256
1.1783
1.165
1.2016
1.2509
1.315
1.3683
1.4273
1.4565
1.3746
1.2941
1.2888
1.3107
1.3372
1.3363
1.3119
1.355
1.4097
1.3886
1.3291
1.2549
1.1966
1.1042
0.99463
0.94933
0.93524
0.92275
0.8969
0.84777
0.81805
0.76501
0.73413
0.74883
0.78732
0.79276
0.78561
0.78416
0.75151
0.69419
0.67533
0.65475
0.59984
0.57333
0.53249
0.45776
0.42062
0.38787
0.36541
0.30684
0.27308
0.25506
0.27276
0.28695
0.30551
0.30566
0.28432
0.29114
0.27671
0.23694
0.24045
0.2851
0.30326
0.30112
0.30299
0.27459
0.2568
0.25667
0.26444
0.23892
0.19813
0.15457
0.11228
0.086701
0.055506
0.034168
0.011584
0.035128
0.0665
0.091314
0.089052
0.096944
0.10986
0.10445
0.1112
0.11513
0.14072
0.14733
0.14991
0.15837
0.10468
0.051875
0.032516
0.024436
-0.0099795
-0.075753
-0.12541
-0.13794
-0.098985
-0.101
-0.10673
-0.093817
-0.057787
-0.063571
-0.07038
-0.10434
-0.17288
-0.22868
-0.27296
-0.2789
-0.2368
-0.18374
-0.13971
-0.1021
-0.031233
0.040444
0.082758
0.13516
0.14974
0.14966
0.13306
0.08835
0.011238
-0.019975
-0.044388
-0.036194
0.00040951
0.074339
0.17023
0.25135
0.29646
0.33335
0.41934
0.50719
0.5753
0.64942
0.69346
0.72899
0.75565
0.7869
0.79953
0.7941
0.78884
0.79724
0.79025
0.75971
0.73519
0.72315
0.73138
0.71673
0.68812
0.67997
0.66194
0.65216
0.64964
0.6768
0.68549
0.72138
0.73943
0.77076
0.78299
0.77347
0.78715
0.78528
0.77743
0.78575
0.80463
0.82671
0.81887
0.81725
0.81723
0.82106
0.85102
0.91919
0.98074
0.99787
1.0459
1.0977
1.1205
1.0918
1.085
1.0659
1.0245
1.0074
1.003
0.97717
0.95981
0.96446
0.97171
0.95544
0.96625
1.0196
1.074
1.0922
1.1428
1.1941
1.2331
1.2289
1.2136
1.1331
1.0169
0.9218
0.82175
0.77775
0.76383
0.7831
0.80847
0.83468
0.85485
0.89393
0.94014
0.92952
0.92635
0.90292
0.88729
0.8911
0.90746
0.94381
0.98952
1.021
1.0178
0.97562
0.99181
0.96936
0.95576
0.90479
0.90608
0.91181
0.87763
0.87676
0.88731
0.91816
0.92649
0.92744
0.99661
1.0073
0.99981
0.99185
0.95558
0.92462
0.96005
0.98665
1.0492
1.0997
1.1292
1.1193
1.0685
1.0625
1.1121
1.1436
1.2052
1.1967
1.1781
1.1352
1.1494
1.1458
1.1745
1.1841
1.2152
1.2001
1.2154
1.249
1.2511
1.2276
1.1474
1.0851
1.013
0.94133
0.89001
0.87226
0.87577
0.85043
0.82141
0.79786
0.69021
0.59099
0.52084
0.48703
0.46333
0.45796
0.4482
0.45548
0.45921
0.45899
0.48496
0.46824
0.45672
0.41231
0.34839
0.32054
0.28271
0.2501
0.22887
0.21456
0.21498
0.212
0.19492
0.20644
0.19697
0.18319
0.19233
0.19954
0.22611
0.22334
0.19945
0.18488
0.16592
0.16093
0.14895
0.1694
0.17988
0.19178
0.22332
0.25596
0.27514
0.26954
0.23913
0.2524
0.28621
0.29773
0.3114
0.32287
0.34197
0.31956
0.28207
0.2702
0.28495
0.29135
0.26815
0.25082
0.22848
0.22525
0.20624
0.20783
0.19953
0.15728
0.10411
0.032778
-0.035341
-0.078805
-0.12193
-0.14659
-0.1416
-0.13922
-0.11594
-0.084814
-0.059036
-0.02481
-0.0034316
0.025407
0.053595
0.11279
0.20246
0.26607
0.31308
0.32649
0.3356
0.34088
0.37647
0.38915
0.34339
0.31552
0.26797
0.22646
0.20629
0.15568
0.10289
0.082899
0.072991
0.055038
0.023586
-0.0039641
0.027946
0.068276
0.09963
0.14252
0.20751
0.2296
0.2421
0.21363
0.22385
0.22726
0.19737
0.16076
0.13521
0.096364
0.077068
0.043003
0.031362
0.034764
0.040138
0.012596
-0.024029
-0.064284
-0.11528
-0.11237
-0.1014
-0.11523
-0.11997
-0.1151
-0.10977
-0.12049
-0.13026
-0.1486
-0.17992
-0.21291
-0.21195
-0.20295
-0.20371
-0.20874
-0.20244
-0.16057
-0.15568
-0.15095
-0.13701
-0.17419
-0.20641
-0.2052
-0.24459
-0.25811
-0.27252
-0.23367
-0.20557
-0.17477
-0.17295
-0.12728
-0.097497
-0.056369
-0.038072
-0.024084
-0.028529
-0.072634
-0.13426
-0.19028
-0.25065
-0.30931
-0.34665
-0.38724
-0.41914
-0.45434
-0.48756
-0.49679
-0.49802
-0.53228
-0.53119
-0.54729
-0.5579
-0.56068
-0.55178
-0.53745
-0.52011
-0.51021
-0.4965
-0.48258
-0.44308
-0.4082
-0.399
-0.38429
-0.40098
-0.43356
-0.47937
-0.51936
-0.58962
-0.65758
-0.68272
-0.69468
-0.68324
-0.67619
-0.65652
-0.59138
-0.50354
-0.42139
-0.37031
-0.33841
-0.36607
-0.35804
-0.36569
-0.35657
-0.34508
-0.35968
-0.40008
-0.41888
-0.41779
-0.41414
-0.40909
-0.40659
-0.44651
-0.45791
-0.46449
-0.45007
-0.42298
-0.38398
-0.3405
-0.31597
-0.29022
-0.28625
-0.29349
-0.32429
-0.33434
-0.31553
-0.28152
-0.24959
-0.25527
-0.26028
-0.23462
-0.22478
-0.22956
-0.24295
-0.27015
-0.27914
-0.25941
-0.25636
-0.24037
-0.22102
-0.2404
-0.23448
-0.23305
-0.24753
-0.25392
-0.272
-0.30758
-0.33237
-0.33201
-0.32548
-0.30263
-0.2853
-0.29185
-0.29756
-0.29007
-0.29662
-0.30275
-0.32308
-0.34792
-0.39334
-0.4318
-0.46416
-0.50369
-0.51815
-0.52563
-0.53657
-0.56663
-0.54788
-0.52416
-0.52439
-0.50498
-0.50125
-0.47971
-0.48005
-0.48609
-0.49358
-0.48979
-0.42878
-0.38749
-0.29887
-0.21054
-0.11749
-0.060634
0.027608
0.10961
0.14166
0.12206
0.10027
0.040193
-0.00131
-0.061903
-0.099628
-0.097813
-0.099106
-0.11655
-0.13043
-0.17118
-0.20003
-0.23093
-0.229
-0.23967
-0.28315
-0.29507
-0.31954
-0.31522
-0.30041
-0.28735
-0.3068
-0.34693
-0.37138
-0.42904
-0.48427
-0.50473
-0.51415
-0.51196
-0.49542
-0.46558
-0.43288
-0.42591
-0.4411
-0.4038
-0.36282
-0.34326
-0.3335
-0.33093
-0.32677
-0.32244
-0.31092
-0.33077
-0.37749
-0.40581
-0.46084
-0.51714
-0.55872
-0.60007
-0.63508
-0.68421
-0.72301
-0.77951
-0.82783
-0.86712
-0.89629
-0.92171
-0.96606
-0.99949
-1.011
-0.99918
-0.99738
-0.97314
-0.96225
-0.9687
-1.0017
-1.0642
-1.122
-1.1745
-1.2188
-1.2541
-1.2856
-1.2962
-1.3271
-1.3507
-1.3193
-1.3221
-1.3489
-1.3767
-1.4096
-1.4227
-1.3982
-1.3802
-1.384
-1.3746
-1.3369
-1.3125
-1.2808
-1.2739
-1.2576
-1.2255
-1.1837
-1.1796
-1.1749
-1.1677
-1.1888
-1.2079
-1.1845
-1.1506
-1.1364
-1.0989
-1.0547
-1.0138
-0.99385
-0.9812
-0.9616
-0.90252
-0.87202
-0.83021
-0.78683
-0.74402
-0.68641
-0.65329
-0.68363
-0.67426
-0.64655
-0.61907
-0.609
-0.5639
-0.50102
-0.42639
-0.36495
-0.32448
-0.2594
-0.23664
-0.21468
-0.21957
-0.22002
-0.20094
-0.16508
-0.099626
-0.021816
0.063459
0.16333
0.20529
0.19887
0.17132
0.15579
0.12199
0.096219
0.039817
0.033441
0.019899
0.021186
0.035899
0.033873
0.023552
0.0067447
-0.029166
-0.030582
-0.017956
-0.0040851
-0.0077875
0.0012067
0.019723
0.06143
0.075528
0.083086
0.087573
0.060204
0.054899
0.064118
0.058812
0.027996
0.033491
0.021819
0.025576
0.031044
0.018415
0.049255
0.070033
0.12588
0.14446
0.15139
0.17679
0.18363
0.16657
0.1465
0.10943
0.091681
0.11372
0.13768
0.11739
0.069424
0.058598
0.049947
0.052202
0.06123
0.11509
0.18926
0.23579
0.28255
0.32429
0.36944
0.3708
0.39442
0.36463
0.3585
0.33582
0.29874
0.29837
0.35031
0.42895
0.48236
0.48771
0.44575
0.39245
0.3762
0.35652
0.3215
0.26715
0.21677
0.2066
0.23665
0.25768
0.23835
0.19957
0.20102
0.23445
0.28066
0.3123
0.35283
0.36568
0.4031
0.4453
0.48181
0.48815
0.46082
0.41565
0.3644
0.30723
0.24186
0.1584
0.12181
0.11672
0.13256
0.14565
0.11195
0.081671
0.076838
0.095433
0.11273
0.11659
0.13178
0.12715
0.1597
0.21495
0.28898
0.335
0.37022
0.41694
0.45929
0.47441
0.46234
0.47338
0.48985
0.48254
0.49869
0.51244
0.51766
0.54079
0.5991
0.67226
0.73542
0.82271
0.85468
0.82776
0.80491
0.78063
0.71877
0.6749
0.67795
0.68361
0.70296
0.73321
0.74249
0.70599
0.68815
0.69138
0.67959
0.70885
0.7575
0.81462
0.83319
0.80542
0.77144
0.75481
0.73014
0.67249
0.629
0.62094
0.61871
0.6095
0.6066
0.59367
0.60366
0.57699
0.56117
0.5688
0.60976
0.63964
0.64158
0.61814
0.63494
0.64424
0.64657
0.64498
0.67876
0.69305
0.65811
0.60979
0.55355
0.54347
0.56851
0.57272
0.57118
0.5634
0.54403
0.53745
0.54909
0.55276
0.56877
0.57601
0.55261
0.50703
0.46542
0.49008
0.52845
0.54947
0.53881
0.59573
0.71122
0.79347
0.85491
0.88303
0.88452
0.89252
0.91317
0.89429
0.85452
0.78204
0.73653
0.72668
0.70156
0.69486
0.68961
0.64766
0.62546
0.6573
0.67668
0.68978
0.6941
0.7136
0.71439
0.73781
0.75962
0.83358
0.85882
0.86735
0.87674
0.9102
0.89551
0.89364
0.8899
0.89401
0.89391
0.91667
0.99037
1.0269
1.0556
1.0695
1.098
1.0995
1.0783
1.059
1.043
0.97665
0.96173
0.90302
0.8624
0.78642
0.71588
0.65605
0.57897
0.51752
0.49047
0.45498
0.46267
0.45617
0.44177
0.45378
0.48218
0.49757
0.49823
0.50354
0.53235
0.57733
0.61224
0.60909
0.58149
0.56837
0.538
0.53113
0.54454
0.54434
0.54006
0.51885
0.52042
0.53513
0.52476
0.50181
0.55759
0.55879
0.55336
0.55913
0.54238
0.52132
0.5568
0.58549
0.57545
0.51734
0.46019
0.45071
0.44259
0.41012
0.3793
0.39167
0.41349
0.37596
0.33665
0.29397
0.24677
0.20869
0.1528
0.090809
0.045343
0.04063
0.034124
0.004047
-0.028811
-0.036599
-0.058063
-0.041818
0.0165
0.049755
0.053816
0.069731
0.12122
0.14273
0.15988
0.11452
0.038517
-0.039104
-0.091733
-0.11538
-0.11291
-0.11422
-0.095108
-0.090423
-0.11393
-0.13224
-0.1267
-0.15082
-0.17899
-0.19322
-0.19314
-0.20093
-0.19772
-0.18784
-0.16047
-0.16779
-0.15549
-0.14325
-0.14534
-0.15645
-0.12669
-0.079624
-0.039794
-0.015739
-0.019762
-0.022795
-0.032469
-0.054505
-0.056222
-0.040596
0.00022054
0.023355
0.045984
0.069126
0.066793
0.061573
0.056527
0.090607
0.090494
0.061372
0.066476
0.11922
0.17482
0.20877
0.19495
0.1862
0.12491
0.060002
-0.025394
-0.081255
-0.12034
-0.18272
-0.20649
-0.23396
-0.25797
-0.26795
-0.26634
-0.28201
-0.26524
-0.2599
-0.25901
-0.23578
-0.212
-0.19424
-0.22208
-0.25875
-0.29431
-0.3406
-0.37639
-0.39885
-0.42913
-0.42696
-0.44375
-0.4841
-0.48894
-0.49214
-0.51502
-0.54994
-0.59282
-0.6301
-0.6538
-0.68898
-0.67713
-0.67851
-0.67013
-0.63785
-0.58438
-0.53914
-0.53543
-0.5515
-0.59036
-0.5687
-0.48277
-0.41212
-0.35914
-0.32917
-0.33445
-0.34884
-0.36821
-0.40709
-0.44829
-0.45395
-0.45455
-0.43224
-0.40599
-0.43119
-0.50629
-0.56176
-0.59962
-0.58604
-0.52157
-0.46491
-0.39286
-0.31304
-0.24795
-0.24955
-0.27221
-0.27939
-0.26009
-0.25876
-0.2899
-0.32124
-0.30233
-0.25671
-0.21432
-0.20226
-0.19855
-0.20477
-0.25099
-0.29502
-0.35584
-0.39069
-0.41307
-0.43665
-0.45788
-0.48721
-0.54306
-0.61664
-0.67844
-0.75293
-0.78662
-0.81484
-0.83413
-0.8335
-0.84539
-0.84029
-0.81181
-0.79616
-0.81248
-0.84672
-0.83938
-0.83784
-0.81227
-0.79391
-0.79453
-0.78461
-0.77823
-0.77033
-0.75038
-0.72853
-0.73633
-0.76331
-0.81926
-0.84052
-0.85756
-0.87504
-0.8656
-0.85396
-0.815
-0.79025
-0.74179
-0.7348
-0.72663
-0.71979
-0.70513
-0.67546
-0.67066
-0.68469
-0.69697
-0.75347
-0.7811
-0.79855
-0.84295
-0.86876
-0.89481
-0.89346
-0.89122
-0.91299
-0.94328
-0.93465
-0.93812
-0.93383
-0.96227
-1.0128
-1.022
-1.0473
-1.0754
-1.0839
-1.0814
-1.104
-1.1673
-1.2194
-1.249
-1.2519
-1.2379
-1.2315
-1.2231
-1.2041
-1.1526
-1.1141
-1.0867
-1.02
-0.93067
-0.90055
-0.85007
-0.77956
-0.6869
-0.64725
-0.64568
-0.63346
-0.60191
-0.58187
-0.56965
-0.51711
-0.46711
-0.45277
-0.43341
-0.39537
-0.38182
-0.35882
-0.31928
-0.31143
-0.32422
-0.38411
-0.46245
-0.49046
-0.54497
-0.62156
-0.65711
-0.65332
-0.60922
-0.56945
-0.53965
-0.49149
-0.45988
-0.38701
-0.33631
-0.29064
-0.27067
-0.30795
-0.34342
-0.3231
-0.30568
-0.3148
-0.33606
-0.35697
-0.40277
-0.45812
-0.50288
-0.54273
-0.53952
-0.54956
-0.54633
-0.55331
-0.57198
-0.56392
-0.53974
-0.56316
-0.61178
-0.58431
-0.54623
-0.52091
-0.50854
-0.46353
-0.43107
-0.4423
-0.4475
-0.40148
-0.35856
-0.31366
-0.30103
-0.3046
-0.31197
-0.30395
-0.29294
-0.31271
-0.31309
-0.32807
-0.36909
-0.39951
-0.45804
-0.49509
-0.53711
-0.59286
-0.62978
-0.65793
-0.65168
-0.63227
-0.64386
-0.66838
-0.67985
-0.68544
-0.6735
-0.63468
-0.62279
-0.60927
-0.57079
-0.50792
-0.44491
-0.41015
-0.35659
-0.31284
-0.25697
-0.19982
-0.17273
-0.12208
-0.073391
-0.049492
-0.055636
-0.071049
-0.077483
-0.075127
-0.066572
-0.063454
-0.046321
-0.041249
-0.035333
-0.010356
0.024171
0.016006
-0.0073708
0.0080751
0.033272
0.030667
0.021164
-0.010794
-0.04697
-0.064953
-0.092793
-0.097017
-0.092966
-0.12994
-0.10758
-0.037391
0.011891
0.039882
0.078389
0.11804
0.1753
0.20227
0.20967
0.25606
0.31918
0.35235
0.34152
0.34726
0.35249
0.38379
0.40092
0.43485
0.44282
0.45199
0.45283
0.47072
0.48769
0.4893
0.49499
0.51747
0.52922
0.57446
0.63716
0.68181
0.67259
0.65882
0.71004
0.76057
0.73944
0.73703
0.71662
0.71403
0.70791
0.72107
0.74585
0.74394
0.76198
0.74328
0.67886
0.60138
0.53178
0.50841
0.50526
0.50803
0.52896
0.55447
0.56586
0.60437
0.62868
0.65007
0.65677
0.63217
0.56309
0.54832
0.60324
0.633
0.6152
0.60858
0.59614
0.5978
0.59614
0.55626
0.52394
0.50673
0.48685
0.46337
0.41569
0.38772
0.35573
0.32569
0.30434
0.26948
0.25996
0.29205
0.29441
0.28503
0.27428
0.25251
0.2406
0.23864
0.24866
0.22641
0.17732
0.13261
0.11692
0.08687
0.042958
0.037958
0.029225
0.037772
0.051766
0.054325
0.055433
0.048225
0.003908
-0.077104
-0.089135
-0.085264
-0.096644
-0.13607
-0.18202
-0.20237
-0.16946
-0.14142
-0.15583
-0.17112
-0.18363
-0.17459
-0.13766
-0.1004
-0.06653
-0.056326
-0.063322
-0.049678
-0.085692
-0.13239
-0.12862
-0.126
-0.095963
-0.098844
-0.10147
-0.10338
-0.15036
-0.22002
-0.24859
-0.25484
-0.23054
-0.21293
-0.22458
-0.26959
-0.30471
-0.32926
-0.35151
-0.35972
-0.33606
-0.31665
-0.30295
-0.28793
-0.26877
-0.2315
-0.23383
-0.24446
-0.28186
-0.28379
-0.29254
-0.34341
-0.39567
-0.39065
-0.41568
-0.44004
-0.45084
-0.44948
-0.45304
-0.43094
-0.41692
-0.39881
-0.39713
-0.37132
-0.38387
-0.40736
-0.40001
-0.39395
-0.40069
-0.41128
-0.44753
-0.46574
-0.4504
-0.46271
-0.49279
-0.51361
-0.50778
-0.54143
-0.56138
-0.57921
-0.54896
-0.52364
-0.49872
-0.50499
-0.52737
-0.51672
-0.47221
-0.43696
-0.41391
-0.41895
-0.43328
-0.42011
-0.42862
-0.4425
-0.45654
-0.4741
-0.51334
-0.55198
-0.55339
-0.55394
-0.52419
-0.52282
-0.52092
-0.5105
-0.49562
-0.51544
-0.54117
-0.55557
-0.59031
-0.59953
-0.59218
-0.54208
-0.47568
-0.4362
-0.40652
-0.37928
-0.35486
-0.28031
-0.19312
-0.11047
-0.073638
-0.03183
0.011152
0.029565
0.027746
0.017562
0.018039
0.041897
0.059066
0.1038
0.10461
0.10011
0.095753
0.12193
0.16968
0.1866
0.18112
0.16564
0.11727
0.084791
0.067618
-0.0026767
-0.072528
-0.098348
-0.092889
-0.083502
-0.08155
-0.063579
-0.0040744
0.03783
0.065503
0.081813
0.083161
0.11699
0.15375
0.18657
0.19539
0.19411
0.21438
0.20386
0.1698
0.14822
0.13165
0.13488
0.107
0.12464
0.16886
0.25019
0.29352
0.2922
0.31428
0.32115
0.32482
0.31686
0.30306
0.28632
0.30841
0.31754
0.31867
0.31482
0.31614
0.29788
0.24519
0.23237
0.21581
0.17721
0.11942
0.097407
0.058178
-0.0016591
-0.05927
-0.076769
-0.072177
-0.060215
-0.027083
-0.00828
0.003014
0.03389
0.074419
0.14227
0.19851
0.2629
0.30049
0.31243
0.32022
0.29194
0.24553
0.20152
0.17516
0.18789
0.19574
0.19531
0.20061
0.19464
0.15836
0.11213
0.084214
0.1221
0.17146
0.18453
0.15822
0.1384
0.14637
0.14855
0.11945
0.08617
0.042132
0.02452
0.051443
0.069027
0.071043
0.059555
0.081212
0.12538
0.16024
0.14904
0.12341
0.11992
0.14408
0.15159
0.13775
0.12229
0.095478
0.098731
0.13532
0.19957
0.2488
0.30812
0.34426
0.33956
0.324
0.33217
0.35314
0.37435
0.38095
0.41997
0.4672
0.53287
0.57424
0.61269
0.64955
0.64834
0.66387
0.72034
0.76012
0.73779
0.69132
0.66562
0.62614
0.56626
0.50827
0.46271
0.39304
0.33467
0.27614
0.25264
0.2286
0.1825
0.16364
0.15677
0.13352
0.1039
0.090526
0.10707
0.1528
0.20813
0.19873
0.21999
0.26528
0.28761
0.29916
0.30581
0.32218
0.35225
0.39726
0.4464
0.47769
0.47413
0.47388
0.4835
0.52609
0.55938
0.56747
0.54355
0.50106
0.48081
0.46381
0.46026
0.46367
0.44173
0.43994
0.45706
0.47654
0.46154
0.42702
0.43204
0.41912
0.38348
0.34051
0.30771
0.30279
0.33922
0.3646
0.37781
0.39407
0.40369
0.41116
0.40898
0.44731
0.50692
0.54783
0.58809
0.63894
0.67373
0.68572
0.69069
0.661
0.63345
0.63192
0.6431
0.68284
0.69445
0.70271
0.68044
0.67025
0.67249
0.68483
0.69958
0.72578
0.74603
0.74678
0.70918
0.69243
0.70185
0.70118
0.73894
0.75579
0.7111
0.63246
0.60166
0.55347
0.46321
0.42748
0.44126
0.48389
0.54135
0.5839
0.62373
0.64701
0.66012
0.66436
0.65539
0.71518
0.73604
0.72825
0.70145
0.66994
0.64092
0.61329
0.62881
0.63403
0.63328
0.63942
0.65837
0.66465
0.63683
0.59338
0.5672
0.55236
0.542
0.56721
0.61893
0.6227
0.6345
0.64471
0.63758
0.64329
0.68659
0.7033
0.66568
0.6197
0.59225
0.57778
0.54712
0.50225
0.47018
0.47404
0.43532
0.4221
0.42145
0.4217
0.40845
0.38401
0.39505
0.40062
0.38086
0.37828
0.38458
0.3971
0.40533
0.39974
0.38635
0.39871
0.39181
0.38733
0.35955
0.357
0.37874
0.3979
0.40976
0.40861
0.40968
0.38583
0.38054
0.36078
0.31318
0.29771
0.33222
0.36521
0.35114
0.3205
0.29457
0.26167
0.22957
0.16855
0.12574
0.13602
0.15152
0.13807
0.14581
0.10731
0.058197
0.0043997
-0.051641
-0.069895
-0.060516
-0.078068
-0.1001
-0.10419
-0.11408
-0.13096
-0.14887
-0.19222
-0.23608
-0.26437
-0.26817
-0.30217
-0.31955
-0.30427
-0.28135
-0.2499
-0.22308
-0.15537
-0.074723
-0.071527
-0.059304
-0.023085
-0.0066496
0.0059945
-0.0024549
0.019092
0.023474
0.00092383
-0.049905
-0.10267
-0.12934
-0.16289
-0.19473
-0.22235
-0.22089
-0.2554
-0.25597
-0.25742
-0.25704
-0.25691
-0.2025
-0.13634
-0.11065
-0.092997
-0.09867
-0.093185
-0.1141
-0.17582
-0.22918
-0.26403
-0.3112
-0.33342
-0.33916
-0.25183
-0.1873
-0.13738
-0.11265
-0.11797
-0.11563
-0.1504
-0.19358
-0.19958
-0.20673
-0.21352
-0.22849
-0.2212
-0.24077
-0.26271
-0.32466
-0.36824
-0.41669
-0.40119
-0.37949
-0.33397
-0.27975
-0.26185
-0.25672
-0.22494
-0.22798
-0.27421
-0.30527
-0.35672
-0.38635
-0.38658
-0.39307
-0.40484
-0.42478
-0.43354
-0.42869
-0.40093
-0.38456
-0.40155
-0.44375
-0.50812
-0.52104
-0.52256
-0.51393
-0.49976
-0.45971
-0.45609
-0.47917
-0.49206
-0.50086
-0.50346
-0.52993
-0.54666
-0.5483
-0.53946
-0.51125
-0.46644
-0.41363
-0.39326
-0.36383
-0.34158
-0.32045
-0.31978
-0.32674
-0.36754
-0.35115
-0.34562
-0.36609
-0.38201
-0.4194
-0.39861
-0.33088
-0.23808
-0.17059
-0.10981
-0.05398
-0.028346
-0.046548
-0.07122
-0.052163
-0.025353
0.0071281
0.0054812
-0.014722
-0.036216
-0.057644
-0.037364
-0.024531
-0.015316
-0.0081222
0.014303
0.0091865
-0.021851
-0.029118
0.0051445
0.032778
0.060307
0.091097
0.076094
0.046976
0.026382
0.010126
0.040631
0.085
0.1168
0.15889
0.20662
0.21724
0.1987
0.14181
0.054404
0.01362
-0.011805
-0.046637
-0.071444
-0.089162
-0.084094
-0.09518
-0.11164
-0.1108
-0.097512
-0.13839
-0.16266
-0.15001
-0.16827
-0.17509
-0.15752
-0.12784
-0.14277
-0.14745
-0.16276
-0.22705
-0.30108
-0.33736
-0.32773
-0.33158
-0.33932
-0.33602
-0.31351
-0.25904
-0.1941
-0.16423
-0.093353
-0.072595
-0.047039
-0.030341
-0.01337
-0.03486
-0.074597
-0.1242
-0.17711
-0.1989
-0.21853
-0.21058
-0.19978
-0.20191
-0.20201
-0.20497
-0.20754
-0.20256
-0.19003
-0.17932
-0.19186
-0.21009
-0.23663
-0.28566
-0.34751
-0.37876
-0.42776
-0.4606
-0.46827
-0.47909
-0.46156
-0.48031
-0.52321
-0.52192
-0.54029
-0.53497
-0.51229
-0.47353
-0.44479
-0.45017
-0.4784
-0.50658
-0.5335
-0.52283
-0.52913
-0.53424
-0.54349
-0.5682
-0.58148
-0.5695
-0.5581
-0.5977
-0.61943
-0.64391
-0.67194
-0.68406
-0.70721
-0.74686
-0.74828
-0.72808
-0.71906
-0.74502
-0.7836
-0.81427
-0.83375
-0.82077
-0.80609
-0.77701
-0.72199
-0.66944
-0.65676
-0.57924
-0.5417
-0.51268
-0.4831
-0.48196
-0.51017
-0.56265
-0.56632
-0.57053
-0.55299
-0.54571
-0.48527
-0.40522
-0.33066
-0.28625
-0.26512
-0.2582
-0.26513
-0.29489
-0.32179
-0.35918
-0.32416
-0.28158
-0.2517
-0.23138
-0.25394
-0.26718
-0.24166
-0.19555
-0.12866
-0.053366
-0.014305
-0.028505
0.0085586
0.047225
0.08929
0.12444
0.1475
0.17505
0.20526
0.23463
0.22396
0.21838
0.22309
0.22542
0.22835
0.22872
0.20642
0.19208
0.16402
0.16442
0.13762
0.12867
0.1413
0.14787
0.17135
0.21425
0.2733
0.29357
0.2893
0.27357
0.26741
0.27284
0.25472
0.23847
0.25408
0.25149
0.26252
0.24628
0.23272
0.25213
0.29188
0.31895
0.32663
0.32297
0.31865
0.32356
0.34883
0.35333
0.3687
0.36104
0.36237
0.34298
0.31613
0.26595
0.23041
0.24257
0.28247
0.32326
0.36071
0.39255
0.41301
0.39006
0.35743
0.33435
0.32622
0.33182
0.35117
0.35395
0.36262
0.35684
0.34271
0.36136
0.43994
0.51582
0.54941
0.5707
0.60759
0.65084
0.65581
0.61365
0.56969
0.52423
0.51373
0.55521
0.58273
0.63521
0.65208
0.64606
0.6421
0.62382
0.61956
0.63025
0.64051
0.7072
0.71363
0.7396
0.73021
0.66954
0.59517
0.55754
0.50193
0.4511
0.38645
0.29407
0.17826
0.092101
0.040158
-0.00030904
-0.032381
-0.045148
-0.040601
-0.026102
0.011389
0.013915
0.024756
0.048621
0.071295
0.088403
0.052356
0.034144
0.0068632
0.014043
-0.013281
-0.036319
-0.035344
-0.024183
-0.032575
-0.029114
-0.021102
-0.03226
-0.028546
-0.012076
0.0022376
-0.026628
-0.058064
-0.078378
-0.08174
-0.069589
-0.098803
-0.14395
-0.15801
-0.1476
-0.14149
-0.12595
-0.11711
-0.094116
-0.072876
-0.063072
-0.063409
0.019252
0.09346
0.11783
0.1033
0.073003
0.048584
0.0028737
-0.034048
-0.031081
-0.02767
-0.026733
-0.018188
0.0044771
0.01539
-0.013969
-0.0025816
0.0043457
-0.01615
0.0016474
0.011498
-0.019926
-0.035833
-0.065638
-0.044106
-0.012723
0.014885
0.057676
0.10724
0.13789
0.14171
0.17481
0.21492
0.26239
0.29792
0.30231
0.36321
0.39603
0.40852
0.39588
0.38177
0.36374
0.33525
0.32223
0.30234
0.30276
0.30771
0.29382
0.26269
0.23561
0.25127
0.23896
0.24734
0.23607
0.2161
0.18949
0.1429
0.14603
0.13951
0.18446
0.21196
0.21149
0.19852
0.19684
0.22889
0.27363
0.29302
0.30855
0.34099
0.38142
0.42602
0.45101
0.43198
0.39722
0.33765
0.3107
0.30002
0.27784
0.26766
0.26326
0.28065
0.29869
0.31458
0.31923
0.33071
0.32461
0.32382
0.34603
0.33514
0.30155
0.3042
0.29589
0.26479
0.22912
0.23949
0.23944
0.22808
0.23068
0.22614
0.21865
0.22202
0.20342
0.15766
0.15427
0.16648
0.12022
0.08444
0.090932
0.089938
0.097787
0.11724
0.13287
0.097728
0.10469
0.10866
0.15504
0.17872
0.17523
0.15665
0.1263
0.11436
0.11363
0.11681
0.1266
0.15941
0.18392
0.19766
0.20287
0.20706
0.17951
0.17592
0.16692
0.12953
0.11786
0.087361
0.043375
0.010842
-0.01748
-0.035018
-0.045136
-0.049765
-0.053809
-0.043314
-0.027267
-0.003694
-0.012094
-0.038751
-0.054392
-0.083028
-0.1248
-0.15655
-0.19795
-0.23247
-0.23888
-0.23526
-0.28514
-0.30583
-0.32154
-0.29768
-0.29748
-0.30783
-0.2784
-0.24729
-0.25659
-0.27689
-0.29879
-0.31144
-0.32313
-0.36887
-0.42944
-0.45893
-0.49805
-0.55598
-0.59856
-0.61662
-0.65503
-0.69218
-0.71942
-0.72003
-0.73459
-0.7516
-0.78112
-0.76221
-0.727
-0.69458
-0.70833
-0.71413
-0.71753
-0.69357
-0.63799
-0.604
-0.59273
-0.55094
-0.48035
-0.45832
-0.49369
-0.52335
-0.53675
-0.55234
-0.57345
-0.58812
-0.59275
-0.65557
-0.69832
-0.69435
-0.66981
-0.65853
-0.62895
-0.5785
-0.53023
-0.53413
-0.5553
-0.56502
-0.56632
-0.57083
-0.57004
-0.55055
-0.56237
-0.54909
-0.53047
-0.49073
-0.4974
-0.54681
-0.57063
-0.52291
-0.51641
-0.54124
-0.55758
-0.56043
-0.58138
-0.61759
-0.62222
-0.63722
-0.66953
-0.70025
-0.70895
-0.79642
-0.83626
-0.8234
-0.77082
-0.73355
-0.70111
-0.64227
-0.63831
-0.63667
-0.6168
-0.60571
-0.57555
-0.5167
-0.50385
-0.44695
-0.40114
-0.35962
-0.30332
-0.26197
-0.25347
-0.27718
-0.28355
-0.28583
-0.30949
-0.3001
-0.31066
-0.32569
-0.28967
-0.27001
-0.22139
-0.18619
-0.15632
-0.17817
-0.19554
-0.21279
-0.20712
-0.20867
-0.2186
-0.2336
-0.24277
-0.29361
-0.35112
-0.38959
-0.38436
-0.39544
-0.39844
-0.4097
-0.39938
-0.33733
-0.25001
-0.20859
-0.2377
-0.25376
-0.22805
-0.17938
-0.16936
-0.18836
-0.25213
-0.26519
-0.2411
-0.19126
-0.15926
-0.13583
-0.12412
-0.13769
-0.17646
-0.17053
-0.14557
-0.13289
-0.13694
-0.12143
-0.11828
-0.12965
-0.13617
-0.16208
-0.15139
-0.12188
-0.094638
-0.099016
-0.12371
-0.15807
-0.17649
-0.22985
-0.27287
-0.31643
-0.33553
-0.35951
-0.3622
-0.34547
-0.31798
-0.30375
-0.30635
-0.34258
-0.38555
-0.37507
-0.35197
-0.3213
-0.27604
-0.23377
-0.20448
-0.19477
-0.1714
-0.15318
-0.15316
-0.16105
-0.18666
-0.18988
-0.19104
-0.20032
-0.2063
-0.24236
-0.25647
-0.23612
-0.22368
-0.17153
-0.11881
-0.085476
-0.032435
-0.013303
-0.0214
-0.052316
-0.070795
-0.10976
-0.15626
-0.2193
-0.27243
-0.2998
-0.33382
-0.33055
-0.31566
-0.30575
-0.31419
-0.30835
-0.28929
-0.26383
-0.26732
-0.27457
-0.218
-0.16826
-0.13126
-0.10882
-0.084447
-0.049008
-0.029619
-0.047974
-0.096593
-0.16396
-0.21155
-0.21141
-0.22083
-0.26717
-0.29204
-0.31434
-0.33292
-0.30313
-0.30061
-0.31812
-0.30801
-0.30597
-0.34545
-0.37963
-0.43011
-0.49184
-0.50985
-0.5023
-0.48899
-0.49764
-0.54752
-0.6086
-0.66441
-0.72873
-0.79909
-0.90159
-0.96402
-0.99206
-1.0174
-1.0341
-1.0176
-1.0057
-0.99565
-0.97494
-0.98293
-0.96522
-0.95945
-0.9731
-0.96315
-0.98086
-1.0021
-0.99534
-1.0168
-0.99821
-1.0006
-1.0086
-1.0106
-1.0166
-0.99262
-0.98797
-0.9758
-0.96982
-0.95879
-0.9354
-0.90728
-0.89979
-0.91487
-0.89447
-0.87386
-0.86418
-0.85771
-0.81267
-0.77742
-0.76419
-0.77068
-0.79842
-0.80864
-0.81286
-0.79161
-0.74269
-0.72177
-0.73532
-0.73995
-0.75099
-0.76199
-0.77602
-0.7329
-0.67436
-0.60214
-0.53189
-0.47301
-0.42664
-0.38962
-0.35841
-0.32343
-0.29262
-0.27665
-0.27423
-0.26282
-0.24952
-0.2048
-0.14779
-0.10152
-0.082473
-0.039288
-0.042057
-0.045786
-0.04635
-0.084705
-0.13707
-0.14565
-0.16234
-0.19391
-0.21202
-0.22293
-0.19706
-0.1744
-0.1763
-0.16211
-0.15299
-0.16049
-0.22836
-0.2853
-0.32386
-0.32514
-0.32865
-0.33173
-0.30574
-0.28756
-0.30808
-0.31746
-0.32282
-0.33071
-0.31361
-0.27522
-0.24841
-0.23245
-0.2337
-0.26299
-0.26494
-0.2841
-0.31125
-0.3039
-0.30086
-0.2965
-0.31335
-0.35021
-0.39447
-0.37846
-0.34804
-0.32965
-0.28395
-0.25143
-0.26064
-0.26204
-0.24887
-0.22466
-0.2209
-0.20307
-0.18378
-0.17637
-0.19701
-0.21576
-0.23297
-0.26547
-0.26359
-0.20088
-0.17094
-0.15955
-0.1294
-0.054875
0.034737
0.076115
0.073676
0.050848
0.021568
-0.042563
-0.10584
-0.14866
-0.21063
-0.28948
-0.35615
-0.41728
-0.43575
-0.40463
-0.36136
-0.35061
-0.34545
-0.35302
-0.36069
-0.39065
-0.42425
-0.47923
-0.53025
-0.55044
-0.53788
-0.50769
-0.43649
-0.38216
-0.34594
-0.31387
-0.28364
-0.25787
-0.22114
-0.16923
-0.12758
-0.0791
-0.0018731
0.064001
0.15316
0.2226
0.26324
0.25457
0.27086
0.23818
0.23755
0.2469
0.22212
0.19452
0.17913
0.18473
0.21216
0.21764
0.19629
0.16453
0.14974
0.15077
0.16511
0.12757
0.10819
0.077304
0.032182
0.015507
-0.03576
-0.06757
-0.091492
-0.079658
-0.038421
-0.0014033
0.040068
0.08867
0.10192
0.10518
0.097677
0.065568
0.035732
0.032049
0.083966
0.1213
0.10426
0.095448
0.1042
0.092784
0.058173
0.022611
0.019793
0.0063041
-0.015021
-0.014154
-0.017007
-0.017189
0.01302
0.075788
0.066575
0.070196
0.10446
0.15433
0.17548
0.14429
0.14169
0.15356
0.13574
0.069603
-0.01408
-0.1024
-0.15557
-0.16511
-0.13762
-0.10917
-0.11283
-0.092008
-0.053571
-0.013145
0.0056549
0.017178
-0.003591
-0.046345
-0.065793
-0.083759
-0.093931
-0.12546
-0.14335
-0.11579
-0.048816
0.0090072
0.039869
0.029981
0.036341
0.051007
0.069287
0.051418
0.019649
-0.00938
-0.035116
-0.047116
-0.10194
-0.16097
-0.20425
-0.21113
-0.23515
-0.2496
-0.23003
-0.22367
-0.21717
-0.20338
-0.18216
-0.2021
-0.25126
-0.26904
-0.28991
-0.30651
-0.30845
-0.33183
-0.36827
-0.35818
-0.33349
-0.29701
-0.25748
-0.23389
-0.22985
-0.26518
-0.30538
-0.36354
-0.39033
-0.40992
-0.43831
-0.44635
-0.42814
-0.4075
-0.40501
-0.4266
-0.4411
-0.43828
-0.4112
-0.39346
-0.40217
-0.45814
-0.51176
-0.54026
-0.59242
-0.6343
-0.64071
-0.57997
-0.52935
-0.51775
-0.54084
-0.60216
-0.64547
-0.67814
-0.67272
-0.65749
-0.69193
-0.71272
-0.74498
-0.73307
-0.69704
-0.6806
-0.68522
-0.64004
-0.59511
-0.58784
-0.58578
-0.55747
-0.53113
-0.52026
-0.51851
-0.52906
-0.54852
-0.55512
-0.55136
-0.55768
-0.5277
-0.49624
-0.48219
-0.45429
-0.44526
-0.41718
-0.39743
-0.36195
-0.35726
-0.34695
-0.36348
-0.37721
-0.37373
-0.35038
-0.2984
-0.24783
-0.18191
-0.13379
-0.11457
-0.065199
-0.007483
0.046746
0.071705
0.082414
0.11228
0.13641
0.14252
0.15564
0.14738
0.11948
0.095507
0.086399
0.077051
0.10368
0.098405
0.096926
0.10732
0.09207
0.095721
0.1181
0.10922
0.10117
0.073168
0.069963
0.052587
0.020273
-0.030203
-0.10182
-0.11415
-0.10343
-0.12435
-0.13745
-0.15276
-0.15277
-0.15945
-0.17753
-0.20314
-0.23976
-0.28144
-0.30469
-0.32313
-0.35208
-0.4135
-0.47091
-0.53662
-0.57101
-0.60844
-0.64104
-0.6326
-0.60853
-0.60867
-0.60497
-0.51895
-0.45057
-0.45232
-0.46872
-0.49652
-0.50297
-0.47483
-0.44936
-0.43881
-0.44075
-0.4559
-0.49184
-0.48609
-0.43894
-0.40426
-0.41469
-0.41772
-0.37156
-0.30858
-0.28628
-0.26416
-0.26591
-0.25382
-0.23412
-0.22509
-0.21335
-0.18576
-0.17957
-0.18627
-0.22866
-0.28754
-0.31005
-0.32729
-0.30917
-0.30818
-0.30268
-0.27152
-0.23461
-0.19286
-0.18658
-0.17193
-0.1439
-0.07833
-0.017584
0.0018165
-0.028501
-0.060676
-0.099435
-0.14442
-0.22483
-0.26672
-0.28847
-0.25616
-0.19107
-0.12503
-0.057833
-0.046261
-0.083505
-0.13507
-0.17434
-0.19087
-0.23893
-0.31398
-0.39322
-0.4316
-0.43758
-0.3992
-0.34417
-0.3062
-0.26993
-0.2352
-0.19241
-0.1906
-0.21634
-0.2075
-0.23958
-0.26385
-0.23232
-0.19842
-0.1922
-0.12975
-0.093121
-0.070336
-0.051695
-0.028571
-0.045604
-0.06175
-0.10835
-0.13063
-0.13992
-0.17028
-0.19144
-0.23208
-0.25136
-0.26961
-0.25813
-0.24683
-0.24674
-0.22154
-0.2114
-0.21305
-0.17628
-0.16574
-0.17168
-0.17409
-0.16519
-0.13395
-0.09082
-0.095493
-0.099518
-0.085519
-0.098585
-0.10484
-0.11934
-0.15262
-0.13929
-0.11396
-0.10975
-0.12642
-0.13321
-0.13593
-0.12988
-0.1079
-0.093963
-0.11013
-0.16297
-0.19145
-0.19928
-0.22039
-0.20968
-0.15425
-0.06069
0.037149
0.12196
0.1977
0.22472
0.22536
0.17699
0.15212
0.17488
0.24216
0.27421
0.26083
0.24458
0.20543
0.15734
0.12036
0.096824
0.076447
0.045792
0.030968
0.00076744
-0.065838
-0.076922
-0.082024
-0.093644
-0.098199
-0.077829
-0.047377
-0.040544
-0.086973
-0.13539
-0.16953
-0.15856
-0.12601
-0.11748
-0.062052
-0.043069
-0.036695
-0.046321
-0.075415
-0.098309
-0.15193
-0.20151
-0.22312
-0.2059
-0.19746
-0.16788
-0.14192
-0.1158
-0.073986
-0.043561
-0.041559
-0.051708
-0.053859
-0.031905
-0.021239
-0.027408
-0.00083006
0.015366
-0.0041861
-0.019069
-0.014348
-0.017892
-0.012975
0.0098046
0.035946
0.047195
0.062159
0.0726
0.039436
0.023956
0.014406
-0.02287
-0.05831
-0.048859
-0.029032
-0.038855
-0.070643
-0.089766
-0.11297
-0.13646
-0.16191
-0.17389
-0.15399
-0.12893
-0.10573
-0.0715
-0.019939
0.023315
0.064156
0.074255
0.11696
0.17213
0.22954
0.2603
0.33595
0.41154
0.51714
0.61319
0.69649
0.73352
0.74529
0.71596
0.6879
0.66141
0.65234
0.64643
0.63745
0.61582
0.6138
0.63566
0.61896
0.62254
0.61066
0.6028
0.56688
0.49762
0.44345
0.39051
0.30448
0.21501
0.16233
0.13834
0.11644
0.10673
0.089969
0.064025
0.030142
